1 W 0 1
1 R 156 15
0 R 569 8
0 R 704 1
0 R 870 6
1 W 1134 12
1 W 1490 11
1 W 1739 11
0 R 1912 9
0 R 2119 3
1 W 2613 0
1 R 2765 11
1 W 2915 2
0 R 3361 15
1 W 3765 8
0 R 4095 15
0 R 4441 7
1 W 4613 3
1 W 4906 4
1 W 5179 8
1 W 5439 5
0 W 5659 9
0 R 5785 10
0 R 6139 3
1 W 6349 2
0 R 6460 14
0 R 6923 3
1 W 7261 2
1 W 7388 7
1 W 7690 10
1 W 7834 4
0 R 8219 2
0 R 8432 6
0 W 8759 6
0 R 8957 7
0 R 9451 6
1 R 9618 3
0 W 10056 12
0 R 10322 0
0 R 10499 8
1 R 10674 3
0 R 11040 11
0 R 11194 0
0 W 11401 14
0 R 11736 6
0 R 11997 13
1 W 12296 1
1 R 12652 15
1 R 13138 14
0 R 13318 8
1 W 13551 2
0 W 13832 2
1 W 14177 11
1 W 14585 0
1 W 14865 11
1 W 15356 8
0 R 15562 10
0 R 16012 9
0 R 16409 9
0 W 16729 2
0 R 17109 8
1 W 17240 6
0 R 17509 7
1 W 17921 6
1 W 18296 5
0 R 18632 7
0 R 19088 6
0 R 19529 15
0 R 19838 13
1 W 20329 2
0 W 20533 7
0 R 21032 12
0 R 21481 7
0 R 21737 11
1 W 21855 10
0 R 21968 1
0 R 22121 10
0 R 22521 13
0 W 22739 8
0 R 23132 2
1 R 23622 14
1 W 24022 8
1 W 24156 15
0 R 24503 14
0 W 24804 10
1 W 24989 6
1 W 25321 2
1 W 25816 5
0 R 26291 4
0 W 26589 15
0 R 26837 11
1 R 27297 15
1 R 27447 11
1 W 27609 0
0 R 27828 7
1 W 28252 4
1 W 28691 8
1 W 28992 10
1 R 29223 7
0 R 29481 4
1 W 29641 11
0 R 30032 4
0 R 30354 14
1 W 30595 1
0 R 31011 3
1 W 31333 6
0 R 31813 6
1 W 32010 7
0 R 32353 12
0 W 32644 12
1 W 32883 0
0 R 33176 1
0 R 33525 13
1 R 33943 3
1 R 34110 12
0 R 34525 2
1 R 34926 12
0 R 35418 1
0 R 35761 12
0 R 35898 6
1 W 36294 13
0 R 36680 15
0 W 36942 11
0 W 37205 3
0 R 37481 3
1 W 37695 6
1 W 37990 15
0 R 38338 4
0 R 38494 14
1 W 38914 6
0 W 39100 7
1 W 39246 2
0 R 39522 10
1 W 39829 11
1 W 40216 5
0 W 40379 14
1 W 40818 12
1 W 41184 3
1 W 41565 3
0 R 41831 4
1 R 42086 6
0 R 42206 0
0 R 42629 12
1 R 42882 13
1 R 43271 11
0 W 43470 6
1 W 43738 5
0 W 44111 8
1 R 44396 6
0 R 44629 2
0 R 44796 11
0 R 45062 12
1 R 45471 6
1 W 45782 11
1 W 46262 8
1 W 46442 10
0 R 46844 9
1 R 47053 5
1 R 47430 0
1 R 47764 5
1 W 47991 10
0 R 48224 15
0 W 48499 1
0 R 48641 13
0 R 48845 7
0 R 49108 11
1 W 49356 4
1 W 49635 6
0 W 50080 4
1 W 50275 0
0 W 50623 10
0 R 50962 11
0 W 51391 15
1 W 51812 4
1 R 52223 11
1 W 52638 11
1 R 53099 7
1 R 53335 7
0 R 53655 5
0 R 53948 0
0 R 54291 2
1 W 54664 12
0 R 55134 2
1 W 55435 0
0 R 55790 5
1 W 55955 5
0 R 56155 2
1 W 56292 14
0 R 56464 11
1 W 56697 1
0 R 57029 1
1 R 57348 2
0 W 57644 6
1 W 58127 2
0 R 58586 10
1 W 59058 13
0 W 59485 1
1 R 59682 4
1 W 60152 3
0 W 60553 14
0 R 60777 4
1 W 61210 9
1 W 61684 14
1 W 61799 7
0 R 62244 5
1 W 62464 12
0 W 62865 9
1 W 63306 7
1 W 63601 6
1 W 63746 14
1 W 64158 1
1 W 64415 15
1 W 64762 1
1 R 65084 6
1 W 65455 13
0 W 65941 6
0 R 66108 8
1 W 66581 15
0 R 66945 11
0 R 67380 4
1 W 67562 8
0 R 68013 14
0 W 68246 13
0 R 68617 0
1 W 68887 6
0 R 69115 9
1 W 69569 4
0 R 69748 2
1 W 69863 8
0 R 70282 5
1 W 70512 12
1 R 70925 4
0 R 71110 10
1 W 71233 5
0 R 71390 2
0 R 71616 7
1 W 72073 10
0 R 72403 15
1 W 72721 5
0 R 73032 9
1 R 73137 8
0 R 73401 4
0 R 73815 1
1 R 74197 11
1 R 74364 15
0 R 74846 2
1 R 75287 3
0 R 75779 3
0 R 76257 13
0 R 76535 0
0 R 76868 1
1 R 77138 10
0 W 77593 8
0 W 78045 12
1 R 78221 14
0 R 78663 12
0 W 78837 1
0 R 79219 10
1 W 79715 12
1 R 80153 4
1 W 80370 11
1 R 80766 3
1 R 80973 13
0 R 81289 6
0 R 81638 3
0 R 81756 11
1 R 82044 12
1 W 82224 13
1 W 82491 13
0 R 82942 8
0 R 83399 1
0 R 83554 9
1 R 83763 12
0 W 84174 14
1 W 84521 14
1 W 84871 6
0 R 85248 15
1 R 85647 4
1 R 85876 13
0 R 86063 10
1 W 86442 8
1 R 86652 4
1 R 86925 6
1 R 87350 6
0 R 87767 11
0 R 88130 5
1 R 88322 11
0 W 88793 3
1 W 88982 6
0 W 89247 5
0 W 89502 5
0 R 89723 7
0 R 89843 10
0 R 90303 12
1 W 90566 10
1 W 90914 4
1 R 91151 11
0 R 91526 1
0 R 91646 9
1 W 91903 2
0 R 92347 7
0 W 92781 15
1 R 93106 11
1 W 93212 2
1 W 93462 15
0 R 93787 2
1 W 94220 8
0 R 94481 4
1 W 94815 6
1 W 94983 10
1 W 95221 15
1 W 95504 9
1 W 95994 14
1 R 96223 14
0 R 96605 2
1 W 97014 12
1 W 97139 11
0 R 97279 9
0 W 97485 6
0 R 97834 4
1 W 98277 11
1 W 98551 5
0 R 98707 15
0 R 99135 8
0 W 99509 4
0 R 99907 4
1 W 100187 13
0 R 100480 12
1 W 100953 7
0 R 101161 0
1 W 101368 7
0 R 101709 13
1 W 102199 4
1 R 102499 2
1 W 102828 3
0 R 103239 7
0 R 103341 11
1 W 103725 12
0 R 103882 13
0 R 103992 3
1 W 104288 5
1 R 104530 11
0 R 104769 3
1 R 104956 0
0 R 105070 12
0 R 105170 15
0 R 105398 10
0 R 105758 6
0 R 105907 11
0 R 106256 11
1 W 106484 12
0 R 106917 12
1 R 107095 13
0 R 107431 15
1 W 107790 2
1 W 107938 5
0 W 108411 14
0 R 108815 9
0 R 109033 8
0 R 109416 0
1 W 109677 1
0 R 109993 8
1 W 110393 0
1 W 110609 12
0 R 110826 12
0 R 111278 9
0 R 111742 5
1 W 111946 0
0 W 112404 8
1 W 112671 4
0 R 113085 10
0 W 113492 10
1 W 113675 14
1 R 114114 12
0 R 114310 11
0 R 114800 13
0 R 114933 6
1 W 115399 15
0 R 115627 12
0 R 116070 13
1 R 116419 14
0 W 116863 4
1 W 117056 6
1 W 117244 2
0 W 117633 10
0 R 118016 12
1 W 118252 1
0 R 118562 0
0 R 119062 7
1 R 119370 6
1 W 119593 13
0 W 120087 1
1 W 120413 11
1 W 120823 4
0 R 120952 13
0 R 121192 1
0 R 121341 6
0 R 121700 15
0 W 121854 5
1 W 122209 10
0 R 122435 2
1 W 122709 8
1 W 123139 6
1 R 123472 10
1 R 123951 8
1 W 124084 3
0 R 124240 6
1 W 124544 7
0 R 124946 3
1 R 125216 1
0 R 125643 7
1 W 125946 5
0 W 126355 8
1 W 126836 2
1 W 127223 6
1 W 127340 10
1 W 127583 3
1 W 127689 10
1 R 127826 11
1 W 128048 9
0 R 128414 13
1 R 128515 2
1 W 128744 12
0 R 129117 8
0 R 129611 3
1 W 129998 10
0 R 130465 0
1 W 130919 3
0 R 131032 14
1 R 131149 10
0 R 131514 2
0 W 131623 6
1 R 132118 8
1 W 132312 9
0 R 132636 0
0 R 132786 9
0 R 133211 12
1 W 133575 1
1 W 133978 5
0 R 134234 13
0 R 134614 12
0 W 134935 6
1 W 135292 14
1 R 135523 1
1 W 135833 8
0 R 136035 3
0 W 136403 8
0 R 136550 5
0 R 137017 6
1 W 137203 10
0 R 137360 0
1 W 137505 2
1 W 137684 10
1 W 137880 2
0 R 138330 5
1 W 138536 7
1 W 138773 5
1 W 139230 13
0 W 139563 0
0 R 139846 12
1 W 140252 14
1 W 140642 11
0 R 140909 14
1 W 141363 5
1 R 141665 10
0 W 142100 2
0 R 142371 12
0 R 142667 2
1 W 143042 12
1 W 143494 5
1 W 143813 11
0 R 144203 5
0 R 144382 5
1 R 144624 9
0 R 145039 13
1 W 145251 8
1 W 145602 5
0 R 145767 5
0 R 146200 13
1 R 146362 4
1 W 146556 1
1 W 146810 3
1 W 147249 9
1 W 147467 7
0 W 147706 1
1 R 147966 3
1 W 148250 12
1 W 148351 6
0 R 148664 13
1 R 149137 12
1 W 149508 3
1 R 149714 6
0 W 150120 2
0 R 150458 10
1 W 150689 15
1 W 150816 15
1 R 151222 2
1 W 151432 0
1 R 151697 5
0 R 152133 0
0 W 152495 14
0 R 152850 11
1 W 153198 3
0 R 153674 11
0 W 154133 14
1 W 154481 11
1 W 154744 6
0 R 155087 9
0 R 155206 12
1 W 155375 9
1 W 155705 6
0 R 155937 0
1 W 156144 1
1 W 156315 12
0 W 156534 14
1 R 157026 11
0 R 157229 0
0 R 157369 10
0 R 157618 9
0 W 158076 1
0 R 158457 7
0 R 158732 6
1 R 158953 10
0 R 159235 10
0 W 159533 5
0 R 159970 12
1 W 160419 10
1 W 160867 10
0 R 160993 0
1 W 161366 5
0 W 161781 4
0 R 162251 3
0 W 162574 2
0 R 162983 1
1 W 163475 12
0 W 163810 4
1 R 164199 1
1 W 164690 10
1 W 164966 13
0 W 165094 14
1 W 165461 3
0 R 165834 10
0 R 166030 7
0 R 166294 11
1 W 166639 7
1 W 167063 0
1 R 167274 9
1 W 167720 15
1 R 167927 14
1 R 168078 6
1 W 168532 8
0 W 168837 1
1 W 168955 3
1 R 169279 7
1 W 169613 5
0 W 170051 10
0 R 170222 10
0 R 170461 6
1 W 170816 1
1 W 171061 10
0 R 171481 11
0 R 171587 2
1 W 171967 0
0 R 172106 6
0 R 172283 15
1 R 172740 12
0 W 173037 14
0 R 173445 7
0 R 173707 10
1 W 173929 0
0 R 174197 3
0 R 174461 1
0 W 174948 11
0 W 175087 13
0 R 175481 5
0 R 175672 9
1 W 176099 10
1 R 176282 10
0 W 176724 15
1 W 177136 6
1 W 177533 5
1 W 177955 7
1 W 178352 6
0 W 178813 9
1 R 179214 11
0 R 179576 10
0 R 179696 9
0 W 179994 9
0 R 180469 10
0 W 180919 14
0 R 181394 0
1 W 181823 3
1 W 182114 8
0 R 182258 5
1 W 182601 10
1 W 182720 14
1 W 183145 6
1 W 183364 2
0 R 183755 11
0 R 184191 13
1 W 184566 10
1 W 184937 1
0 W 185223 14
0 R 185716 9
0 R 186109 1
0 R 186323 3
0 R 186581 0
1 W 187000 14
1 W 187108 9
0 R 187602 7
1 W 187709 14
0 R 188024 1
0 R 188185 2
1 W 188628 12
1 W 188922 6
1 W 189395 14
0 R 189541 8
1 R 189857 1
0 W 190048 0
0 R 190500 11
0 R 190783 0
0 R 191011 10
0 R 191216 12
1 R 191484 6
0 R 191771 0
0 W 191879 12
1 W 192315 7
0 R 192731 14
0 W 192976 13
0 R 193390 4
0 R 193554 2
0 R 193757 0
1 W 194128 1
1 R 194461 0
1 W 194577 5
1 W 194794 3
1 R 194993 0
0 W 195270 1
1 W 195566 5
1 W 195932 4
1 R 196052 11
1 R 196280 2
0 W 196584 9
0 W 197061 6
1 W 197464 5
1 W 197735 11
1 R 197917 5
1 R 198046 9
1 R 198152 13
0 R 198416 7
1 W 198869 8
0 R 199171 15
1 W 199379 15
1 R 199787 0
0 W 200101 14
0 W 200269 15
1 W 200564 8
0 W 200865 1
0 R 201269 6
1 W 201416 1
0 W 201643 14
1 W 202031 14
0 R 202374 13
1 W 202608 12
1 W 202767 14
0 R 203030 14
0 R 203390 6
0 W 203586 0
0 R 204075 13
1 W 204446 8
1 W 204873 5
1 W 205319 15
1 W 205759 4
0 W 205996 12
0 R 206143 13
1 R 206576 6
1 R 207017 0
0 W 207341 4
0 R 207753 10
1 W 208009 2
0 W 208154 3
1 W 208371 9
1 W 208766 12
1 W 209073 9
0 R 209547 2
1 W 210039 10
0 R 210234 3
1 R 210524 6
1 W 210856 2
0 R 211105 15
1 W 211530 1
1 W 211825 1
0 R 211979 6
1 W 212300 3
0 W 212512 8
0 R 212956 8
0 W 213068 11
1 W 213491 7
1 W 213929 4
0 W 214036 0
1 R 214247 6
0 R 214369 1
1 W 214578 5
1 W 215004 4
1 W 215214 6
0 R 215653 1
1 W 216023 3
1 R 216505 11
1 W 216869 14
0 R 217320 14
1 R 217593 2
1 W 218070 9
1 R 218354 8
1 W 218685 14
0 R 218919 1
0 R 219346 6
0 R 219736 13
0 R 219899 4
0 R 220016 4
0 W 220134 14
0 R 220283 10
1 R 220547 3
1 W 220716 2
0 R 220983 7
0 R 221257 3
1 W 221567 9
0 W 221748 13
1 W 222141 11
1 W 222454 15
1 W 222595 13
1 W 223024 3
1 R 223125 15
1 R 223620 6
0 R 223853 12
1 R 223991 5
0 W 224417 10
1 W 224751 12
1 W 224992 1
1 W 225433 11
0 R 225787 1
1 W 226244 8
0 R 226386 9
1 W 226645 15
1 W 226761 11
0 R 227158 1
0 R 227653 6
1 W 228113 12
0 R 228468 10
0 R 228778 5
1 W 229038 9
0 R 229374 15
1 W 229755 9
1 R 229948 0
1 W 230232 6
1 W 230477 1
0 R 230871 7
0 W 231222 15
1 W 231489 8
1 W 231865 12
0 R 232076 6
1 W 232245 12
1 W 232646 2
1 W 233054 12
1 W 233252 3
0 R 233412 15
0 R 233848 2
1 W 234108 6
1 W 234514 8
0 R 234879 10
1 W 235064 9
1 W 235439 9
1 W 235849 6
0 W 236166 13
1 W 236359 13
0 R 236810 2
0 R 237027 5
1 W 237140 12
0 W 237348 7
1 W 237603 2
0 R 237708 3
1 W 237834 3
0 R 238111 0
0 R 238258 0
1 W 238365 6
1 W 238798 7
0 R 238996 12
0 R 239122 14
1 W 239236 1
1 R 239726 3
1 W 240066 9
1 W 240233 2
1 W 240421 8
1 R 240682 3
1 W 241052 13
0 W 241313 9
0 R 241720 10
0 R 242184 9
1 R 242309 6
0 R 242614 2
0 W 242838 5
0 R 243007 12
1 W 243339 15
0 R 243800 7
0 R 243987 11
1 W 244325 7
1 W 244632 0
0 R 245071 9
0 R 245370 8
0 R 245518 1
1 R 245824 0
1 W 246265 1
0 R 246634 5
0 R 247006 3
1 W 247113 5
1 W 247577 6
1 W 247791 9
0 R 247987 11
1 R 248147 2
0 R 248487 7
0 R 248666 6
1 R 248978 11
0 R 249389 3
1 W 249650 0
0 R 250135 0
1 W 250482 8
0 R 250718 1
1 W 250883 5
1 R 251141 0
1 W 251424 6
0 R 251693 4
0 R 252120 6
0 R 252393 0
0 R 252524 3
1 W 252779 14
0 R 252976 14
1 W 253151 8
0 R 253521 0
0 W 253714 10
1 R 254154 0
1 W 254494 12
0 R 254856 11
1 W 255191 10
0 R 255339 3
1 W 255743 2
1 R 255898 12
0 R 256132 11
1 R 256432 14
1 W 256774 5
1 W 257058 5
1 W 257364 1
0 R 257472 14
1 W 257586 1
1 W 257931 9
1 R 258218 9
1 W 258357 0
0 W 258825 4
0 W 259198 1
1 W 259499 15
1 R 259831 1
1 W 260209 7
1 W 260683 8
0 R 260824 1
1 W 261154 0
1 R 261366 14
1 W 261538 13
0 R 261974 8
0 R 262267 6
0 R 262625 8
1 W 263112 7
1 W 263303 7
0 W 263537 2
0 R 263901 0
0 R 264324 8
0 R 264768 8
1 W 264885 13
0 W 265001 6
1 R 265214 10
0 R 265384 12
1 W 265508 2
0 W 265992 4
0 W 266195 11
0 W 266327 8
0 R 266524 4
1 W 266817 14
0 R 267234 10
1 R 267399 6
1 W 267839 7
0 W 268303 8
0 R 268472 11
0 W 268602 8
1 W 268708 11
1 W 269113 6
1 R 269383 11
1 W 269497 14
0 R 269686 7
0 R 269934 2
1 W 270064 1
1 R 270412 13
1 R 270814 1
1 W 271113 12
1 W 271363 9
1 W 271463 8
0 R 271846 1
0 R 272215 14
1 W 272655 3
0 R 272931 1
1 R 273249 12
0 R 273372 11
0 W 273626 7
0 R 273919 7
0 R 274226 11
1 W 274326 2
0 R 274642 11
0 R 275074 14
1 W 275188 0
1 W 275583 11
1 W 275874 8
0 R 276043 3
0 R 276229 1
1 W 276479 1
1 W 276950 8
0 R 277159 15
1 W 277581 15
1 W 277682 6
1 R 278040 1
0 R 278245 14
0 R 278478 1
0 R 278709 14
1 R 278879 7
0 R 279136 10
0 R 279424 0
0 R 279662 14
0 R 280014 4
1 R 280414 0
0 R 280727 14
1 R 281082 0
1 R 281387 1
0 R 281627 15
1 W 282073 6
1 W 282523 13
1 W 282952 2
1 R 283234 15
0 R 283604 4
1 R 283727 9
0 W 284041 3
0 R 284512 14
1 W 284799 10
1 R 284913 14
1 W 285086 12
1 R 285496 0
0 R 285789 9
0 R 286065 14
1 R 286342 8
0 R 286592 7
0 R 286749 4
1 W 286984 11
1 W 287367 8
1 R 287627 6
0 R 287753 3
0 R 287963 11
0 R 288407 11
1 W 288897 4
0 W 289107 4
0 W 289503 4
1 R 289629 8
1 W 290028 7
1 W 290168 10
1 W 290418 3
1 W 290611 12
0 R 290765 2
1 W 291028 7
0 W 291291 6
1 W 291484 9
0 R 291914 13
0 R 292099 12
1 R 292455 11
1 R 292742 5
0 R 292985 1
0 R 293220 15
1 W 293388 10
0 R 293670 3
0 R 294074 0
0 R 294414 3
0 R 294838 3
0 R 294976 1
0 R 295087 12
0 R 295524 11
0 R 295986 9
0 W 296345 12
1 W 296791 1
0 R 297266 12
1 W 297367 2
1 W 297745 15
0 R 297984 13
1 W 298346 3
1 W 298548 8
0 R 298825 13
1 W 298927 1
0 R 299423 14
1 W 299921 5
0 R 300232 7
1 W 300484 14
0 R 300886 11
0 R 301331 12
0 R 301525 14
0 R 301806 6
0 R 302066 5
0 R 302543 0
1 R 302975 6
0 R 303358 10
1 R 303641 12
0 W 303797 0
1 W 304084 0
1 W 304316 15
1 W 304788 6
1 W 305206 7
0 R 305502 4
0 W 305883 5
1 W 306076 10
0 W 306526 9
0 R 306977 10
0 R 307132 10
0 W 307299 2
1 W 307454 4
0 R 307757 11
1 R 308107 12
0 R 308242 11
0 R 308420 6
1 W 308609 5
0 R 308927 1
1 W 309051 2
1 W 309351 10
0 R 309493 6
1 W 309882 10
0 R 310055 5
1 W 310255 3
1 W 310660 5
0 R 310788 2
1 W 311276 14
1 W 311425 14
0 R 311710 2
1 W 311924 4
0 R 312135 8
0 R 312266 4
1 W 312551 0
0 W 312696 8
0 W 312879 13
0 R 313210 12
0 W 313364 14
0 R 313608 5
0 R 313820 3
0 R 314227 10
1 W 314357 9
0 W 314478 9
1 W 314793 2
0 R 315019 11
1 R 315173 5
1 W 315525 6
0 R 315826 9
0 W 316262 3
1 W 316507 10
1 W 316815 11
1 W 317243 5
1 W 317450 7
1 W 317867 12
1 W 318352 2
1 W 318791 8
0 R 319224 3
1 W 319345 12
0 R 319541 15
0 R 319785 6
1 W 320142 11
0 R 320382 12
0 R 320785 2
0 R 321009 12
1 R 321325 13
0 R 321481 0
0 R 321799 12
1 W 322256 7
0 W 322484 12
1 W 322824 0
1 W 323115 7
1 W 323396 13
0 R 323572 3
0 R 323734 8
0 R 323989 13
1 W 324134 12
1 R 324616 3
0 R 324992 14
1 W 325269 7
0 R 325399 7
0 R 325839 4
1 R 326301 14
0 R 326478 11
1 W 326875 3
1 W 327106 10
1 R 327279 3
0 R 327532 0
0 R 327832 0
1 W 328154 5
0 R 328361 10
0 W 328705 7
1 W 328849 6
0 R 329079 5
0 R 329351 2
0 R 329519 3
0 R 329937 11
0 R 330396 10
1 W 330719 2
1 R 331156 0
0 W 331593 12
0 R 332092 5
1 W 332569 13
1 W 332966 15
1 W 333179 2
0 R 333399 2
0 R 333742 8
1 R 334238 3
1 R 334604 14
1 W 334970 5
0 R 335140 12
0 R 335380 2
1 W 335786 1
1 W 336253 0
0 R 336644 1
1 W 336854 6
1 W 337310 14
0 R 337768 0
0 W 338183 5
0 W 338554 13
1 W 338847 14
0 R 339131 8
0 R 339272 13
0 R 339471 0
0 R 339697 3
1 W 339831 8
0 W 339976 2
0 W 340276 8
0 W 340687 7
1 W 340857 13
0 R 341133 6
1 R 341448 0
1 W 341935 11
0 R 342193 5
1 R 342621 11
1 W 342826 12
1 R 343186 11
0 R 343384 9
1 W 343827 1
1 R 344061 0
0 R 344351 5
0 R 344714 2
1 W 344954 7
1 W 345166 4
0 R 345592 12
0 R 345884 4
1 W 346378 4
0 R 346508 7
0 R 346966 9
0 R 347411 13
0 R 347849 14
1 W 348191 2
0 R 348492 4
0 W 348627 5
1 W 348744 5
0 R 348990 5
1 W 349175 12
1 W 349407 10
1 W 349863 5
1 W 350350 1
0 R 350675 12
1 W 350885 13
0 W 351368 8
1 W 351685 4
1 R 352028 4
0 W 352144 13
1 W 352323 12
0 R 352694 15
1 W 353126 14
1 W 353250 7
1 R 353672 8
1 W 354077 9
1 W 354536 1
0 R 354974 6
0 R 355094 4
0 W 355563 6
1 W 356058 12
1 R 356431 1
1 W 356844 14
1 W 357054 10
1 W 357168 6
0 R 357382 8
0 R 357835 8
1 W 358253 14
1 W 358452 6
0 R 358751 4
1 R 359015 8
0 R 359375 15
1 W 359804 3
0 W 359949 7
0 R 360177 4
0 R 360415 1
0 W 360787 7
0 R 361102 11
1 R 361205 12
1 W 361675 2
1 W 361815 0
0 R 362084 10
1 W 362229 14
0 R 362505 0
1 W 362838 9
1 R 363003 3
1 R 363499 5
0 W 363820 0
0 R 364250 5
1 R 364510 6
1 R 364626 2
0 R 364933 9
1 W 365422 4
1 R 365752 6
0 W 366090 11
0 R 366381 8
0 W 366536 15
0 R 366665 12
1 W 366800 3
0 R 367177 10
0 R 367544 0
0 R 367696 0
1 R 368130 11
0 R 368605 4
1 W 368953 6
1 W 369197 7
0 R 369364 15
0 R 369632 9
0 R 369818 10
1 W 370188 3
0 W 370393 10
0 W 370722 10
1 W 371046 8
0 W 371388 0
0 R 371738 12
1 W 372182 8
1 R 372618 2
0 R 372859 12
0 R 373062 4
1 W 373367 2
0 R 373720 10
1 W 374004 1
1 R 374386 6
0 R 374862 11
1 R 375348 9
1 W 375477 13
0 R 375888 14
1 W 376121 2
1 W 376618 8
0 R 377107 3
0 R 377312 10
1 W 377529 6
0 R 377917 8
1 W 378349 13
0 W 378844 13
1 W 378998 9
1 W 379387 10
1 W 379709 0
1 W 380031 5
0 R 380164 15
0 R 380531 8
1 W 380688 15
0 R 381016 7
0 R 381327 6
1 W 381751 2
1 R 382126 4
0 R 382536 0
0 W 382651 11
1 W 383112 12
0 R 383232 13
0 R 383472 4
1 W 383847 7
0 R 383948 14
0 R 384239 2
1 W 384620 8
0 W 384780 10
1 W 384951 4
1 R 385166 2
1 R 385399 7
0 R 385595 2
0 W 385976 10
0 R 386369 3
1 W 386725 1
1 R 386827 0
1 W 387004 5
0 R 387379 1
1 W 387565 11
0 R 387942 5
1 R 388426 9
0 R 388751 15
1 W 389156 8
0 R 389519 5
0 R 389874 10
0 R 390103 4
1 W 390499 13
0 R 390641 5
0 R 390995 3
1 W 391316 2
0 R 391702 10
0 R 391878 9
0 R 392212 10
1 W 392639 5
0 W 393050 15
1 R 393483 0
0 R 393978 4
0 R 394336 8
0 R 394478 5
0 R 394841 0
1 W 395326 3
0 W 395634 5
1 W 395902 1
0 R 396053 6
0 R 396505 7
0 R 396706 4
0 R 396926 4
0 W 397219 11
0 W 397487 12
1 W 397605 8
0 W 397969 10
1 W 398453 12
0 W 398607 2
1 R 398761 14
1 W 399214 1
0 R 399327 0
1 W 399428 15
0 R 399893 1
0 W 400293 1
0 R 400604 1
0 R 400740 3
0 R 400983 10
0 R 401112 4
0 R 401376 9
1 W 401745 4
0 R 402243 11
0 W 402506 9
1 W 402988 7
1 R 403469 1
0 W 403819 8
0 R 404229 15
0 W 404665 5
0 W 405041 13
1 W 405420 14
1 W 405543 4
1 W 405658 2
1 W 406058 5
0 R 406290 6
0 W 406526 12
0 R 406866 10
0 R 407238 15
0 R 407474 7
0 R 407913 11
0 R 408249 15
0 R 408612 3
0 R 408958 1
1 W 409068 13
1 R 409508 14
0 R 409795 13
0 R 410083 14
0 R 410294 15
1 W 410603 15
0 R 410758 2
0 W 411135 14
1 W 411248 1
0 R 411421 2
0 R 411909 9
1 W 412294 11
1 R 412483 8
1 R 412829 13
1 W 412955 10
1 R 413206 6
0 R 413364 12
0 W 413746 6
0 R 414080 8
1 W 414493 11
1 R 414677 4
1 R 414925 13
1 W 415142 1
1 R 415380 14
0 R 415606 13
1 W 415988 3
1 W 416374 1
1 R 416703 10
1 R 417078 11
1 W 417295 3
0 R 417442 10
0 W 417743 6
0 W 417847 6
0 R 417980 5
1 W 418160 1
1 W 418293 13
0 W 418461 15
0 W 418731 15
0 R 419125 10
0 R 419358 9
1 W 419461 4
0 W 419886 15
1 W 419998 11
0 R 420390 3
0 R 420872 13
1 R 421044 0
1 W 421260 14
1 W 421665 6
0 R 422059 14
0 W 422187 7
1 W 422558 7
1 W 422734 0
0 R 422926 13
0 R 423263 15
1 R 423759 13
0 R 423885 4
0 R 424228 14
0 R 424463 0
0 R 424643 10
1 W 425077 11
1 W 425346 15
0 R 425696 0
0 R 426190 5
0 R 426619 1
0 R 427088 14
1 R 427325 6
1 W 427438 7
0 R 427779 1
1 W 427990 2
0 W 428313 14
1 R 428539 1
1 W 428770 8
1 R 428966 9
1 W 429306 14
1 R 429424 8
0 R 429525 15
1 R 429648 5
1 W 430024 7
0 W 430251 14
1 W 430487 13
0 R 430845 1
1 W 431075 10
0 R 431208 15
1 W 431690 11
1 W 431833 10
0 W 432273 5
0 W 432484 0
0 R 432833 6
1 W 433301 3
1 W 433559 13
0 R 433957 1
1 W 434062 8
0 R 434292 4
1 W 434696 13
0 W 435008 12
1 R 435455 10
1 W 435573 11
0 W 435716 7
0 R 436155 14
1 W 436512 1
0 W 436878 15
1 W 437065 3
0 R 437268 5
1 W 437686 5
1 R 437802 5
0 R 438053 1
0 R 438245 1
0 W 438487 10
0 R 438882 11
1 W 439131 8
0 R 439588 7
0 R 439765 5
1 W 440022 7
0 R 440276 13
1 W 440705 5
0 W 440884 14
1 W 441189 13
0 R 441293 4
1 W 441538 12
1 W 441885 5
0 R 442350 12
0 R 442737 6
1 W 442977 13
1 R 443239 12
1 W 443533 9
0 R 443819 6
0 R 444273 7
0 R 444766 1
0 R 444886 10
0 R 445313 2
1 W 445684 15
0 R 446058 13
1 W 446402 13
0 R 446705 11
1 W 446879 5
1 W 447208 10
0 R 447431 12
1 W 447784 10
0 W 448194 13
1 W 448423 1
1 R 448864 4
1 W 449032 1
0 W 449291 1
0 W 449557 13
1 W 450029 4
1 W 450263 0
1 W 450538 5
0 R 450735 6
1 W 450870 7
1 R 451304 3
0 R 451581 14
1 W 451767 15
0 R 452122 8
0 W 452615 12
1 R 453074 7
1 W 453345 13
0 R 453540 12
1 W 453640 5
0 R 454069 4
0 R 454282 11
1 W 454554 1
0 R 454971 12
0 R 455110 3
0 R 455507 3
0 R 455625 0
0 R 455787 9
0 R 456003 8
0 R 456408 10
0 R 456857 9
1 W 457029 5
0 R 457156 0
1 W 457339 1
0 R 457784 12
0 R 457935 3
1 W 458320 12
1 W 458761 11
0 R 459250 10
1 R 459463 10
1 W 459757 11
1 W 460048 2
1 W 460193 10
0 W 460578 3
0 W 460896 14
0 R 461387 8
1 W 461648 13
1 R 462116 7
0 R 462399 4
0 R 462794 12
1 R 462932 14
0 R 463409 5
1 W 463900 3
0 R 464173 4
1 W 464401 12
1 R 464643 10
1 R 464987 10
1 W 465426 3
1 W 465707 11
0 R 466205 10
1 W 466348 0
0 R 466555 14
1 W 466896 1
1 R 467108 15
1 W 467393 9
0 R 467767 2
1 W 467961 1
1 R 468432 9
1 W 468846 0
0 R 469343 13
1 W 469707 7
0 R 470182 15
0 R 470655 4
0 R 470780 2
1 W 470953 13
1 W 471337 11
1 W 471791 12
1 W 471928 2
0 W 472221 13
0 R 472361 12
1 R 472833 1
0 R 473141 14
0 R 473605 9
0 R 473848 4
1 W 474288 13
1 W 474747 13
1 R 474948 14
1 W 475447 7
1 W 475891 9
0 R 476042 2
0 R 476326 4
1 R 476768 10
0 R 477264 10
0 R 477405 9
0 R 477827 4
0 R 478134 4
1 W 478421 7
1 W 478529 12
0 W 478728 11
0 W 478898 11
1 R 479379 11
1 W 479603 0
1 W 480082 9
1 W 480438 13
0 W 480871 12
0 W 481315 11
1 W 481508 10
0 R 481650 13
1 W 482108 13
1 R 482277 7
1 W 482404 3
1 R 482590 9
0 R 482778 6
0 R 483014 13
1 W 483280 5
1 R 483589 12
1 W 483913 10
0 R 484322 14
1 W 484495 11
0 R 484619 13
0 R 485047 6
1 W 485350 15
0 R 485582 7
0 W 485973 0
0 R 486187 5
1 W 486400 7
1 R 486680 14
0 W 487036 3
1 W 487366 13
0 R 487776 13
1 W 487910 7
1 R 488135 8
1 W 488264 7
0 W 488504 9
1 W 488663 3
1 W 488981 15
1 W 489266 6
1 W 489662 15
0 R 490122 15
1 W 490250 4
1 W 490727 13
0 R 491210 9
1 W 491535 4
1 W 492035 11
0 R 492511 8
0 R 493001 5
1 W 493111 9
0 R 493254 4
0 W 493567 13
0 R 493995 10
0 W 494149 3
0 R 494318 4
1 W 494518 15
1 W 494640 14
0 W 495036 7
0 R 495209 5
1 W 495497 8
0 R 495943 9
0 R 496161 5
1 W 496445 15
0 R 496686 7
0 R 496794 7
0 R 496967 13
1 W 497148 13
0 R 497364 2
1 W 497558 2
0 R 497728 13
0 R 498223 5
0 W 498358 12
1 W 498582 2
1 R 499035 1
1 W 499497 1
1 R 499621 10
1 W 499913 8
0 R 500407 10
1 R 500887 8
1 R 501061 0
0 R 501291 13
0 R 501400 1
0 R 501752 12
0 R 502186 2
0 R 502532 3
1 W 502733 7
1 W 503012 6
1 W 503132 4
1 W 503515 5
1 R 503824 10
1 W 504010 1
0 R 504294 15
1 W 504428 5
0 R 504710 12
0 R 504962 9
0 R 505238 13
1 W 505564 10
1 R 505835 12
0 W 506183 15
0 R 506482 11
0 W 506797 1
0 R 507270 2
1 W 507742 1
0 R 508026 9
0 R 508344 3
0 R 508738 10
0 W 508978 5
0 R 509117 3
0 R 509425 7
1 R 509573 4
1 W 509909 11
0 W 510345 9
0 R 510745 1
1 W 510942 3
0 R 511188 5
1 W 511350 12
1 W 511531 12
1 W 511859 13
0 R 512156 5
0 R 512475 15
0 R 512828 8
1 R 513217 7
0 R 513598 6
1 R 514059 3
1 R 514354 7
1 W 514745 14
0 R 515205 0
1 W 515568 0
1 W 515865 6
0 R 516247 10
1 W 516650 5
0 W 517094 10
1 R 517283 4
1 W 517738 4
0 R 517934 9
1 W 518377 0
0 R 518688 7
0 W 518945 1
1 W 519402 8
0 R 519638 15
1 W 519856 13
1 W 520042 0
0 R 520522 1
0 R 520706 11
0 R 521117 10
0 R 521273 9
0 R 521375 12
1 R 521791 11
1 W 521982 13
0 R 522444 10
0 R 522625 7
0 R 522741 7
1 W 522996 5
0 W 523442 12
0 R 523778 12
1 W 523925 11
0 R 524274 7
1 R 524406 5
1 W 524727 13
0 R 525187 9
1 W 525644 6
0 W 525870 6
1 R 526019 12
1 R 526489 1
0 R 526702 8
1 W 527033 11
1 W 527175 8
0 W 527314 13
0 R 527768 2
1 W 528243 6
0 R 528419 2
0 R 528648 5
0 W 528853 12
1 W 529203 0
0 W 529349 14
0 R 529705 12
0 R 530083 3
0 R 530353 9
1 W 530601 0
0 R 530977 0
1 W 531249 11
1 W 531455 2
0 R 531870 2
1 W 532068 6
1 W 532341 2
1 R 532715 14
1 W 532866 14
0 R 533222 6
0 W 533584 14
0 W 533943 3
1 W 534160 13
1 W 534654 7
0 W 535050 5
0 R 535434 10
0 R 535683 11
0 R 535898 2
1 W 536097 13
1 W 536419 11
1 W 536690 10
0 R 536836 2
1 W 537106 6
1 R 537266 12
0 R 537477 13
0 W 537877 2
1 R 538056 0
1 R 538532 1
1 W 538893 8
1 W 539247 3
0 R 539455 12
1 W 539643 12
1 W 539858 12
1 W 540240 4
0 R 540454 0
0 R 540882 14
0 R 541110 11
1 W 541391 3
0 R 541565 14
1 W 541683 3
1 W 541840 10
1 R 541942 10
1 R 542108 7
0 R 542568 14
0 R 542929 2
1 W 543242 15
0 W 543532 12
1 R 543652 3
1 W 543932 13
0 R 544117 0
1 R 544492 10
1 R 544990 1
0 R 545283 8
1 R 545681 11
1 W 546030 6
1 R 546296 4
1 W 546503 0
1 W 546963 0
0 R 547347 0
1 W 547457 15
1 R 547570 5
1 W 548067 5
0 R 548392 0
1 W 548684 11
0 R 548966 6
0 R 549284 4
1 R 549391 7
1 R 549754 0
1 W 550111 8
1 W 550480 0
0 W 550819 8
0 R 550969 14
1 W 551409 9
1 W 551617 1
0 R 551729 5
1 W 551995 0
0 R 552301 11
1 R 552444 11
1 W 552565 14
0 R 552665 5
0 R 553016 4
0 R 553200 10
0 W 553624 7
1 W 553932 5
0 R 554154 7
1 W 554408 3
0 W 554892 11
1 W 555207 9
0 W 555464 12
1 R 555763 14
0 W 556233 3
0 R 556459 10
0 R 556726 15
0 R 557010 11
0 R 557269 14
1 W 557386 11
0 W 557515 0
1 W 557796 5
0 R 558038 8
0 R 558244 14
1 W 558586 10
0 R 559023 14
1 W 559191 2
1 W 559594 7
0 R 560071 10
1 W 560242 10
1 W 560379 12
1 W 560673 0
0 W 560917 12
0 R 561388 15
0 R 561818 0
1 W 562307 2
0 R 562723 11
0 W 562973 14
0 R 563366 8
1 W 563533 12
0 R 563958 0
1 W 564247 2
0 R 564507 15
0 W 564890 4
0 R 565233 9
1 W 565530 9
0 R 565877 0
1 W 566256 11
1 W 566432 4
1 W 566541 9
1 W 566899 9
1 W 567117 8
0 R 567450 1
1 W 567920 15
0 R 568314 9
1 W 568734 4
0 R 569116 14
0 R 569245 12
1 W 569650 3
0 R 569864 10
0 W 570175 6
1 W 570630 9
0 W 570810 4
0 R 571263 15
1 W 571609 0
0 W 571748 5
1 W 571929 13
0 R 572030 1
1 W 572310 11
1 W 572499 14
0 R 572686 9
0 R 572920 5
0 R 573033 5
0 R 573234 5
0 R 573628 12
1 W 573758 12
0 R 574102 10
1 W 574531 9
1 W 574794 3
1 R 575056 1
1 W 575363 0
0 W 575790 5
1 W 576059 8
1 W 576167 1
1 R 576488 5
1 W 576934 2
1 R 577298 15
1 W 577629 5
0 R 577846 14
0 R 578197 11
0 R 578679 4
0 W 578862 11
1 R 579124 4
1 W 579451 8
0 R 579762 2
1 R 580089 13
1 W 580445 7
0 W 580766 14
1 R 580963 14
1 W 581348 9
1 R 581729 0
1 W 581924 4
0 R 582248 8
1 R 582680 1
0 R 582849 10
0 W 583249 11
0 R 583545 12
1 R 583703 2
0 R 584114 7
1 R 584527 9
1 W 584685 11
1 R 585079 13
1 W 585548 0
1 W 586047 10
1 W 586440 3
1 W 586589 0
1 W 587062 8
0 W 587400 13
0 W 587776 13
1 W 588072 14
1 W 588510 14
1 W 588944 10
1 W 589086 14
0 R 589559 0
0 R 589689 15
1 R 589852 7
1 W 590268 7
0 W 590540 1
1 W 590996 10
1 R 591258 12
1 W 591631 3
1 W 591957 10
1 W 592269 7
0 W 592459 6
0 R 592606 5
0 R 593090 6
1 W 593521 0
1 W 593842 14
1 R 594337 11
0 W 594532 9
0 R 594828 1
1 W 594980 12
0 R 595411 7
1 W 595903 10
1 W 596325 6
0 R 596448 10
1 R 596890 11
0 R 597271 5
1 W 597380 6
0 W 597775 13
0 R 597908 10
1 R 598078 5
1 W 598385 9
1 W 598819 0
1 W 598969 6
1 R 599157 5
0 R 599332 0
1 W 599620 8
0 R 599743 4
1 W 599864 2
1 W 600358 8
0 R 600581 0
0 R 600886 15
1 R 601170 5
1 W 601281 4
1 W 601383 15
0 R 601818 0
0 R 601981 7
0 W 602351 3
1 W 602503 10
0 R 602918 1
1 R 603381 3
0 W 603523 9
0 W 603929 1
0 W 604175 5
1 R 604307 12
0 R 604515 8
0 R 604845 15
1 R 604981 12
1 W 605317 12
1 W 605520 4
0 R 606019 5
1 R 606472 11
0 R 606673 4
0 R 606896 9
1 W 607060 12
0 R 607407 12
1 R 607734 3
0 R 608167 5
1 W 608453 2
1 W 608663 7
1 W 609081 3
1 W 609353 4
0 R 609675 2
0 W 610007 11
0 R 610160 10
1 R 610324 6
1 R 610442 10
1 R 610740 14
0 R 611124 5
0 R 611497 5
1 W 611762 6
1 W 611931 1
0 R 612301 5
0 W 612636 1
0 R 613106 12
0 R 613330 3
0 R 613561 12
1 W 614018 15
1 W 614135 11
0 R 614432 2
1 W 614801 14
0 R 615187 6
1 W 615604 1
0 R 616065 15
0 R 616519 12
1 W 616681 6
0 W 616814 8
1 W 616967 13
1 W 617204 14
0 R 617689 1
0 R 617891 12
1 W 618159 0
0 R 618560 8
0 W 619026 11
0 R 619258 6
0 W 619471 4
1 R 619836 7
1 W 620236 3
0 R 620632 6
1 W 620855 3
0 W 621290 6
1 R 621468 12
0 R 621731 5
1 W 621836 6
1 R 621938 0
0 W 622129 6
0 R 622606 10
1 W 623097 3
1 W 623350 2
0 R 623476 14
0 R 623813 5
0 R 624182 3
1 W 624560 11
0 W 624857 3
1 W 625098 7
0 R 625522 15
0 R 625984 12
1 W 626234 15
1 W 626351 0
0 R 626735 12
0 W 627103 5
0 R 627390 7
1 R 627627 10
0 R 627977 10
1 W 628231 2
0 R 628656 7
1 R 629020 0
1 R 629158 8
1 W 629464 9
1 R 629603 2
1 W 629983 0
0 W 630333 7
0 R 630464 9
0 R 630614 13
1 W 630895 7
0 R 631077 11
0 R 631243 10
1 W 631682 5
1 W 632067 11
0 R 632339 6
0 R 632815 15
1 W 632972 3
1 W 633345 14
0 W 633701 0
0 R 633908 2
0 R 634369 3
0 R 634599 0
1 W 634905 2
0 R 635229 7
0 R 635631 2
1 W 636125 10
0 R 636506 11
1 W 636817 15
0 R 637122 1
1 W 637435 10
0 W 637744 3
0 W 637890 5
0 R 638261 3
1 W 638559 2
0 R 638826 13
1 W 639154 0
0 R 639419 4
0 R 639581 0
0 W 640006 8
1 W 640283 12
0 W 640539 12
1 W 640885 12
1 W 641228 10
1 W 641361 5
0 R 641725 10
0 W 642179 5
0 R 642323 15
1 W 642424 12
0 R 642588 4
1 R 642745 11
1 W 643142 8
0 W 643405 13
0 R 643516 13
0 R 643740 10
0 R 643866 4
0 W 644168 10
1 W 644491 4
0 W 644911 3
0 R 645202 9
0 R 645429 9
1 W 645601 5
1 W 645731 11
1 W 645916 3
1 W 646393 15
1 W 646840 0
0 R 646978 3
1 W 647452 15
1 R 647700 10
1 R 648189 11
0 W 648339 15
0 W 648471 7
1 R 648593 4
0 R 648985 5
1 W 649129 8
0 R 649342 10
1 W 649561 0
1 R 649708 11
0 R 649859 9
1 R 650018 10
1 W 650211 15
0 R 650432 6
0 R 650898 5
0 R 651296 12
1 W 651463 8
0 R 651651 2
0 R 651959 14
1 W 652153 12
0 R 652341 14
0 R 652515 10
1 W 652951 7
1 R 653155 9
1 W 653326 11
0 W 653464 10
0 R 653619 6
0 R 654001 11
0 R 654323 13
1 W 654642 2
1 W 654928 2
0 R 655206 12
1 W 655359 13
0 W 655509 12
1 W 655954 11
1 W 656354 7
1 W 656740 13
1 W 657220 12
1 R 657328 5
0 W 657749 7
1 W 658013 11
1 W 658315 6
0 R 658442 13
0 R 658834 5
1 W 659110 7
1 W 659301 9
0 R 659568 2
0 W 660004 0
0 R 660354 12
1 W 660571 8
0 R 660827 11
1 W 661139 2
1 W 661460 3
0 R 661676 6
0 W 661992 5
1 W 662419 2
0 W 662815 0
0 W 662930 14
1 W 663149 1
1 W 663505 14
0 R 663750 7
0 R 663864 7
0 R 664083 7
0 W 664275 1
0 R 664578 10
0 R 664979 1
1 W 665477 12
0 W 665957 11
0 R 666402 14
1 W 666794 3
1 R 667097 1
1 W 667570 8
0 R 667898 3
0 R 668230 11
1 W 668704 6
1 W 669040 7
0 R 669383 12
1 R 669594 12
1 W 669842 5
0 W 670208 11
0 R 670355 14
1 R 670642 11
0 R 670872 8
0 R 671243 9
1 W 671573 3
1 W 671880 15
0 R 672191 8
0 R 672516 7
0 R 672679 11
1 W 672930 7
0 R 673214 1
1 W 673355 2
0 R 673822 13
1 W 674303 14
0 R 674537 12
0 W 674907 9
0 W 675321 7
0 R 675518 2
0 W 675870 12
1 W 676023 6
1 W 676519 4
0 W 676854 4
0 R 677253 10
1 W 677423 0
1 W 677923 0
0 R 678283 7
0 R 678705 11
0 W 678810 8
0 W 679293 9
0 R 679654 12
0 R 679946 5
0 W 680229 8
0 R 680685 8
0 R 680857 1
1 W 681241 9
1 W 681518 7
1 R 681670 9
0 W 681861 7
1 R 682135 2
1 R 682288 7
1 W 682400 15
0 W 682786 0
0 R 683123 14
1 W 683511 6
1 W 683795 10
0 R 684040 12
1 W 684446 14
1 W 684809 1
1 W 685117 15
1 W 685297 6
1 R 685452 3
0 R 685896 6
1 W 686023 5
1 W 686138 5
1 R 686422 0
0 R 686771 13
0 W 687083 4
0 R 687549 4
0 R 687877 2
0 W 688145 8
1 R 688309 12
0 R 688415 14
1 W 688641 0
0 R 688861 9
1 R 689110 4
0 W 689386 1
1 W 689745 2
0 R 689949 0
1 R 690062 10
1 W 690469 13
1 W 690769 1
0 R 691203 4
0 W 691581 15
1 W 691728 12
0 R 692197 12
0 R 692589 1
0 R 692835 12
1 W 693315 9
0 W 693610 4
1 W 693802 9
1 W 694036 1
0 R 694332 7
0 R 694581 15
0 R 694958 0
0 W 695160 11
0 R 695506 15
0 R 695749 0
1 R 696098 7
0 W 696373 3
0 R 696572 1
1 R 696763 11
0 W 697178 0
0 R 697431 6
1 R 697618 1
0 R 698011 15
0 R 698277 14
1 W 698456 14
1 R 698769 13
1 W 699123 12
0 W 699281 10
1 R 699488 1
1 R 699904 3
1 W 700071 0
1 W 700378 8
1 W 700802 14
0 W 701030 12
0 R 701472 10
1 W 701658 2
1 W 702004 7
0 W 702372 8
0 R 702628 10
0 R 702825 6
1 R 703085 13
1 W 703193 2
1 W 703429 5
0 R 703835 10
0 R 704228 0
1 W 704542 8
0 R 704939 2
0 W 705204 2
0 W 705679 8
1 W 705995 7
0 R 706276 1
1 W 706671 11
1 W 707122 13
1 W 707528 15
1 W 707961 6
1 R 708291 1
0 R 708488 1
1 W 708882 6
0 R 709039 13
1 W 709263 7
1 W 709619 14
0 R 710015 11
1 W 710381 4
1 W 710861 6
1 R 711247 13
1 W 711409 1
0 R 711725 6
1 W 712092 13
1 R 712574 9
0 R 712978 9
0 R 713428 2
1 W 713787 1
0 W 714254 9
0 R 714541 8
1 R 714787 2
0 R 714983 11
0 R 715131 15
0 R 715282 14
0 R 715652 8
0 W 715862 15
0 R 716241 5
0 W 716581 15
0 R 716721 13
1 R 716952 9
0 R 717233 5
0 W 717567 11
1 W 717728 11
1 R 718107 4
0 R 718273 5
1 R 718384 0
0 W 718692 5
0 R 718879 6
1 W 719070 14
1 W 719538 11
0 R 719647 14
1 R 720022 4
0 R 720376 4
0 R 720669 15
0 R 721105 4
1 R 721412 14
0 R 721777 8
0 W 722226 15
1 W 722615 7
1 W 722952 1
1 W 723384 1
1 R 723509 13
1 W 723818 14
0 R 724006 1
0 R 724136 10
1 R 724596 4
0 R 724770 5
1 W 725193 12
1 W 725332 13
0 R 725658 0
0 R 725778 5
0 W 725997 0
1 W 726160 13
1 W 726400 12
1 W 726816 2
1 W 727198 4
1 W 727372 3
1 W 727762 0
1 R 728217 4
1 W 728570 12
1 R 728848 7
0 R 729188 14
0 R 729317 5
0 R 729717 4
0 R 729941 14
0 R 730111 4
1 W 730531 5
0 R 730663 10
0 R 730786 6
0 R 731242 1
1 W 731356 12
0 R 731734 9
0 R 731937 4
1 W 732392 8
1 W 732757 5
0 R 733038 13
1 W 733284 7
0 R 733703 4
0 R 734169 10
0 R 734645 0
0 W 734872 13
1 W 735334 9
0 R 735633 7
0 W 736091 2
1 W 736259 11
1 W 736628 9
0 R 736833 14
1 W 737074 0
1 R 737214 10
0 R 737626 10
0 R 737838 4
1 W 738255 14
0 W 738470 8
0 R 738812 10
1 W 738944 13
0 W 739348 5
0 R 739623 2
1 W 739824 4
0 R 739977 0
0 R 740122 0
1 W 740417 2
0 R 740519 8
0 W 740985 6
1 W 741196 15
0 W 741669 3
0 R 742083 1
1 W 742255 6
0 W 742629 11
1 W 742911 9
0 W 743018 11
0 R 743263 3
0 W 743681 12
0 R 744011 7
1 W 744277 12
0 W 744695 15
0 R 745002 15
0 R 745423 2
0 R 745542 8
1 W 745962 14
1 R 746370 11
1 R 746697 12
0 W 746935 13
0 W 747262 12
1 R 747604 11
0 R 748099 8
1 W 748415 7
1 W 748570 13
1 R 748754 8
1 R 749054 4
1 W 749406 0
1 W 749842 12
0 R 750323 9
0 R 750671 1
0 R 751134 9
1 W 751456 10
0 W 751939 5
0 R 752230 5
1 W 752537 7
1 R 752700 11
0 R 752869 9
1 R 753113 4
1 W 753431 1
0 R 753892 5
0 W 754146 13
1 W 754513 7
1 W 754619 9
0 R 755077 11
0 R 755403 10
1 W 755797 14
0 W 755967 14
1 W 756367 9
1 W 756831 7
1 W 757130 2
0 R 757436 12
0 R 757663 11
0 W 758109 10
0 R 758476 8
1 W 758777 10
0 R 759264 11
1 R 759718 8
1 W 760108 1
1 W 760376 9
0 R 760483 10
0 W 760903 5
1 R 761082 4
1 W 761428 13
0 R 761541 7
0 W 762031 9
1 W 762306 15
1 R 762645 8
0 R 763134 13
1 W 763299 7
1 W 763535 14
0 R 763893 8
1 W 764369 14
0 R 764738 8
1 R 765107 9
0 R 765232 15
1 R 765728 4
1 W 766009 7
1 W 766159 12
1 W 766537 2
0 R 766780 4
1 W 767162 1
0 W 767333 6
1 W 767667 4
1 W 767852 13
1 R 767982 9
1 W 768083 15
1 W 768216 5
1 W 768512 1
1 W 768840 9
1 W 769240 2
0 R 769653 12
0 R 770109 5
1 R 770368 14
0 R 770686 7
1 R 770911 15
0 R 771086 3
1 W 771216 13
1 W 771385 12
0 R 771607 8
0 R 771867 9
0 R 772275 8
0 R 772560 1
0 W 773060 4
1 W 773197 6
0 R 773474 9
1 W 773951 14
0 R 774064 1
0 R 774168 3
1 W 774573 5
1 W 774929 7
0 W 775072 12
0 W 775211 8
1 W 775590 4
1 W 775769 14
1 W 776107 11
1 W 776267 8
0 R 776699 10
0 W 777192 8
1 W 777505 14
0 R 777885 9
0 R 778103 11
1 R 778344 11
0 W 778559 7
0 W 778888 0
0 W 779212 6
0 W 779702 1
1 W 779912 11
0 R 780033 12
1 W 780257 15
0 R 780723 11
0 R 780946 12
0 R 781136 6
0 W 781385 7
1 W 781539 10
1 W 781840 1
1 W 782243 6
0 R 782418 15
0 R 782691 6
1 W 783184 10
0 R 783486 10
0 R 783803 4
1 W 783929 2
1 W 784045 7
0 R 784329 6
0 W 784434 5
0 W 784669 10
0 W 784898 2
1 W 785330 10
0 R 785526 0
0 R 785907 12
1 R 786214 3
1 W 786466 1
1 W 786731 11
0 W 787144 4
0 R 787380 14
1 W 787688 15
1 W 788018 1
1 W 788459 14
1 W 788723 0
0 W 789109 14
1 R 789339 11
0 R 789628 1
0 W 789886 3
1 R 790060 11
1 R 790240 6
1 W 790670 10
1 W 791008 10
0 R 791359 15
0 R 791638 15
1 W 791787 9
1 W 791922 1
0 R 792374 7
1 R 792641 10
0 R 793081 11
1 W 793328 4
0 R 793483 14
0 R 793823 2
1 R 794185 10
0 R 794537 2
1 W 795004 9
1 W 795217 8
1 R 795656 1
1 W 795963 10
0 R 796330 10
0 R 796478 7
1 R 796908 14
1 W 797205 10
0 R 797485 5
1 W 797886 14
1 W 798240 4
1 W 798421 1
1 R 798606 14
0 R 798943 13
0 R 799226 4
0 R 799629 10
1 W 799964 5
0 W 800421 0
0 W 800595 5
1 W 800911 12
1 W 801233 0
1 W 801691 11
0 R 801830 4
0 R 802213 15
0 R 802433 6
0 W 802913 0
0 R 803287 4
1 W 803451 12
1 R 803743 3
0 R 804202 5
1 R 804304 6
0 R 804570 7
1 W 805028 8
1 W 805381 3
1 W 805559 5
0 R 805826 11
0 R 806195 0
1 W 806339 10
1 W 806750 15
0 R 807163 0
0 R 807548 1
1 R 807799 9
1 W 808225 8
0 W 808418 8
1 W 808889 3
1 R 809269 12
1 W 809380 3
0 R 809695 3
1 W 809908 14
1 R 810111 0
0 R 810442 11
1 W 810705 1
0 R 810840 5
1 R 811082 0
1 W 811450 7
0 R 811654 14
1 W 811988 3
1 W 812375 13
0 R 812865 3
1 W 813199 7
0 W 813538 13
1 W 813748 0
0 R 814097 10
1 R 814588 11
0 R 814751 7
1 W 814934 9
1 W 815211 5
1 R 815474 0
1 W 815638 4
1 R 815810 11
0 R 816213 10
1 R 816407 14
1 W 816618 2
1 R 816773 9
0 W 816881 2
0 W 817163 8
0 W 817343 14
0 R 817509 4
1 W 817669 7
0 W 817778 14
1 W 818111 2
0 R 818510 13
1 W 818615 6
0 R 818812 2
1 W 819142 2
1 W 819276 10
1 W 819431 10
0 R 819693 8
0 R 820029 2
1 W 820382 13
0 W 820702 2
0 W 820817 11
0 R 821171 11
1 W 821312 9
1 W 821501 0
1 R 821609 7
1 W 821873 0
1 W 821977 7
0 W 822179 14
1 W 822595 15
0 R 823046 12
0 R 823310 2
0 R 823507 4
1 W 823636 0
0 R 824094 14
1 W 824442 3
1 W 824638 12
1 R 824921 5
1 W 825290 15
1 R 825634 10
1 W 826046 5
0 R 826205 12
1 W 826434 8
0 W 826665 15
0 R 826832 2
0 W 827300 7
1 R 827565 12
1 R 827982 9
0 W 828342 4
1 W 828804 10
1 W 829138 15
0 W 829243 11
0 W 829472 12
0 R 829699 4
1 R 830001 9
0 R 830234 8
1 W 830466 1
0 R 830810 4
1 W 831297 9
0 R 831740 9
1 W 832063 2
1 R 832195 12
0 W 832612 0
1 R 833004 6
0 W 833378 4
0 W 833667 10
0 W 833821 0
0 W 834273 3
0 R 834621 7
1 R 834779 13
1 W 835224 9
0 R 835622 4
0 W 835726 12
0 W 835941 9
1 W 836419 11
0 R 836744 2
1 W 836925 15
1 W 837123 9
1 R 837253 12
1 W 837402 9
0 R 837546 0
0 R 837777 15
0 R 837993 10
0 R 838150 7
0 W 838622 1
0 W 838929 3
0 R 839129 0
0 R 839565 4
0 R 839735 15
0 R 839989 13
0 R 840112 15
0 R 840444 14
1 W 840766 6
1 W 841219 15
0 W 841378 4
1 W 841678 13
1 W 842138 10
1 R 842614 6
1 R 843061 13
1 W 843237 1
0 R 843458 4
0 R 843919 4
1 R 844192 14
1 W 844500 10
0 R 844909 3
1 W 845037 9
0 W 845202 11
0 R 845473 5
0 R 845894 6
0 R 846295 12
1 R 846700 6
0 R 847184 4
1 W 847669 2
1 R 848099 13
0 R 848368 8
0 W 848858 2
0 R 849215 3
1 R 849413 13
0 R 849781 6
0 R 850230 7
0 R 850644 4
0 R 850880 11
0 R 851269 11
1 W 851648 0
1 W 851786 2
0 R 852223 1
0 R 852432 11
1 R 852569 1
0 R 852914 8
0 R 853297 2
0 R 853450 13
0 R 853894 5
1 W 854297 2
0 R 854588 2
1 W 854861 5
1 W 855103 1
0 W 855220 11
1 W 855356 3
1 W 855564 4
0 W 856055 15
1 W 856211 1
0 R 856502 6
0 R 856825 4
0 W 856929 10
0 R 857166 4
1 W 857274 7
0 R 857562 2
0 R 857915 7
1 R 858393 5
0 W 858883 6
1 W 859156 11
0 R 859272 4
1 W 859771 4
1 W 860061 4
0 R 860384 6
0 R 860796 0
0 R 860962 0
1 W 861337 0
1 W 861781 15
1 R 861940 7
1 R 862249 6
0 R 862520 0
0 R 862926 3
1 W 863121 6
1 W 863373 14
1 R 863709 11
1 W 863953 6
0 R 864137 15
1 R 864568 4
0 R 864740 6
1 W 865165 3
0 W 865356 9
1 W 865843 9
1 W 866233 4
0 R 866587 10
0 R 866707 12
0 R 866952 8
0 R 867428 10
1 R 867617 8
0 R 867829 15
1 R 868122 15
0 W 868547 13
0 W 868928 10
0 W 869357 9
0 W 869481 11
1 R 869589 13
1 W 870059 13
0 R 870161 4
0 R 870293 14
0 R 870724 5
1 W 871183 15
1 W 871303 13
1 W 871449 0
0 R 871862 7
0 R 872206 2
0 R 872512 4
0 R 872684 1
1 R 872918 4
0 R 873360 3
0 R 873516 14
1 W 873752 12
0 R 874228 13
1 W 874696 3
0 R 875064 4
1 W 875443 8
1 R 875805 15
1 W 876055 5
1 R 876271 0
1 W 876768 10
1 R 876922 10
0 R 877127 15
0 R 877396 13
1 W 877705 1
0 R 877821 6
0 R 878071 15
0 R 878495 0
1 R 878807 13
1 W 878917 1
0 R 879275 4
1 W 879721 14
0 R 880062 4
0 R 880347 12
1 W 880836 8
0 R 881130 7
0 W 881326 15
1 W 881541 14
0 W 881773 11
0 R 881904 9
0 R 882262 5
0 R 882652 2
1 W 882839 2
1 W 883114 1
1 W 883422 14
1 R 883723 7
0 R 884153 3
0 R 884489 12
0 R 884651 11
0 R 884957 9
0 R 885155 2
1 W 885503 9
0 R 885961 13
0 R 886391 1
0 R 886506 4
1 W 886906 2
1 W 887225 14
1 W 887440 9
1 W 887785 4
0 R 888270 0
0 R 888675 1
1 W 888806 12
1 W 889118 2
0 R 889449 11
0 R 889563 7
1 W 889680 6
1 W 890049 2
0 R 890354 9
0 W 890797 13
1 R 891293 9
0 R 891465 12
1 W 891718 10
1 W 892134 14
0 R 892435 6
0 R 892824 2
1 W 892993 0
1 W 893374 13
1 R 893849 1
1 W 894194 1
1 R 894687 7
1 W 895165 6
0 W 895278 13
0 R 895679 15
1 W 895844 0
1 R 896198 14
1 W 896427 6
0 R 896539 2
0 W 897038 8
0 W 897368 7
1 W 897605 2
1 W 897886 14
0 R 898005 15
1 W 898426 6
0 W 898533 3
0 R 898697 15
1 R 899054 5
0 R 899254 14
1 W 899450 1
1 W 899895 2
1 R 900053 4
1 R 900165 9
1 W 900537 2
1 W 900863 1
0 R 901253 4
0 W 901519 14
0 R 901699 10
1 W 901830 10
1 R 902027 12
1 W 902302 12
1 W 902694 5
0 R 902817 4
0 W 903126 9
0 R 903338 14
0 R 903585 13
0 R 904003 10
1 W 904319 0
0 W 904724 2
1 W 904849 4
1 W 904963 1
0 R 905266 12
1 R 905616 12
0 R 906060 15
0 R 906309 11
0 R 906594 11
1 W 907069 0
1 W 907533 14
0 R 907848 7
1 W 908206 0
0 R 908548 1
1 W 908956 14
0 W 909381 6
0 R 909613 14
0 R 909817 14
0 W 910196 15
1 W 910606 15
0 W 911089 3
1 R 911351 11
0 R 911787 2
0 R 911906 9
1 W 912289 11
0 W 912485 11
0 R 912877 6
0 R 913067 5
0 W 913477 3
1 W 913651 11
1 W 913912 8
0 W 914402 7
1 W 914808 1
0 W 915000 8
1 R 915300 6
0 W 915400 14
1 R 915850 3
1 W 916017 13
1 W 916176 4
0 R 916384 5
0 R 916703 6
0 R 916816 11
0 W 917091 10
1 W 917361 5
0 R 917466 12
1 W 917646 14
1 R 918031 13
1 W 918201 12
0 R 918592 13
0 R 918941 5
1 W 919187 1
1 W 919548 3
0 W 919967 8
1 W 920205 0
1 W 920589 9
1 W 920982 8
0 R 921473 9
1 W 921593 15
0 R 921881 13
0 R 922230 14
0 R 922479 1
1 R 922782 3
0 R 923073 3
1 W 923332 15
0 W 923519 15
0 R 923857 4
0 R 924324 6
1 R 924618 9
1 R 924980 6
0 R 925185 12
1 W 925625 10
0 R 926075 10
1 W 926568 0
0 W 926938 11
0 W 927212 10
0 R 927382 9
0 R 927714 0
0 W 928118 11
1 W 928298 9
1 R 928680 0
1 W 928895 10
1 W 929120 3
0 W 929357 6
1 R 929657 15
0 W 929869 0
0 R 930236 3
0 R 930486 0
0 R 930820 15
0 W 931082 10
0 W 931183 4
1 R 931294 3
1 W 931589 6
0 R 931771 1
0 R 932213 11
1 W 932348 4
0 R 932554 12
0 R 933030 2
0 R 933408 3
0 R 933823 13
0 R 934198 0
0 W 934408 9
0 R 934737 10
1 W 935233 8
0 R 935337 9
1 W 935458 11
1 W 935671 15
0 R 936143 3
0 R 936520 7
1 W 936969 0
0 W 937236 12
0 R 937393 9
0 R 937605 12
0 W 938041 15
0 W 938406 12
1 W 938617 12
1 W 938769 13
1 R 938941 11
1 W 939310 5
0 W 939757 4
0 R 939961 11
1 W 940166 6
0 W 940496 4
1 W 940883 5
0 R 941001 10
0 W 941489 7
1 W 941955 7
1 R 942333 8
1 W 942524 12
0 R 942929 7
1 W 943225 13
1 R 943346 8
0 R 943660 7
1 R 943961 2
0 W 944326 0
1 W 944567 9
0 R 944856 8
0 W 944983 3
1 W 945111 15
0 W 945232 14
1 W 945638 13
1 W 945895 4
1 W 946028 15
1 W 946441 1
0 R 946734 12
1 W 946847 2
1 R 947005 9
1 R 947186 3
0 W 947322 2
0 R 947453 13
0 R 947608 10
0 R 947874 2
1 W 948290 4
1 W 948453 6
0 W 948585 3
0 R 948702 11
1 W 948964 3
1 W 949188 1
0 W 949674 3
1 R 949903 10
0 R 950219 15
0 W 950533 8
0 R 950712 11
0 R 951157 0
0 R 951458 9
0 R 951905 8
1 R 952379 12
1 W 952872 2
1 W 953030 1
0 W 953303 3
1 W 953587 5
1 W 954014 11
0 R 954452 7
1 R 954606 15
0 R 954817 2
1 R 955090 3
1 W 955455 9
1 W 955686 6
1 W 956034 7
1 W 956455 10
1 R 956696 12
1 R 957195 9
0 R 957626 3
0 R 957933 13
0 R 958367 5
1 W 958508 12
1 W 958999 15
1 W 959113 3
0 W 959359 7
1 R 959511 3
0 R 959813 2
1 W 960012 0
0 R 960239 2
1 W 960659 2
1 R 961007 9
1 W 961506 14
1 W 961686 10
0 W 961993 10
1 W 962462 3
1 W 962779 14
0 R 963097 13
0 R 963559 7
0 R 963813 10
1 R 964261 7
0 R 964540 14
1 W 964843 8
1 R 965145 6
0 R 965582 3
1 R 966053 13
1 W 966319 14
1 W 966635 3
0 R 967102 7
0 R 967214 10
0 R 967662 2
0 R 967849 4
1 W 967949 8
0 R 968311 6
1 W 968772 7
1 W 968979 1
0 W 969117 2
1 R 969270 1
1 W 969672 9
0 R 969892 7
1 W 970193 10
0 R 970328 11
0 R 970812 1
0 R 971003 2
1 R 971481 5
0 R 971875 13
0 R 972263 13
1 W 972467 4
0 R 972569 2
0 W 973029 3
1 W 973351 11
1 R 973660 9
0 W 973917 6
1 R 974203 14
0 R 974654 2
1 W 975113 6
0 W 975381 5
0 W 975805 2
1 W 976198 2
1 W 976337 9
0 R 976549 10
1 W 976788 6
0 R 977149 14
0 R 977447 15
0 R 977746 2
0 R 978004 5
1 W 978389 9
1 W 978703 13
0 W 978974 3
1 R 979307 9
1 W 979806 3
0 R 980050 15
1 W 980544 1
0 R 980872 11
1 R 981351 3
1 W 981704 14
1 W 981902 4
0 W 982279 15
1 W 982389 8
0 R 982499 9
1 R 982678 9
1 W 983144 5
1 W 983416 2
0 W 983848 9
0 R 984022 2
1 W 984304 3
1 W 984613 5
0 R 984821 10
0 R 984925 7
1 R 985197 13
1 R 985520 1
1 W 986001 14
1 R 986196 1
0 R 986637 11
0 W 987132 14
0 R 987606 8
1 R 987825 13
0 R 988319 4
0 R 988686 7
0 R 988795 3
0 W 989218 1
0 R 989555 2
1 W 989845 11
1 R 990041 1
0 R 990350 8
1 W 990806 15
1 W 991052 2
0 R 991232 5
1 R 991439 9
0 R 991548 4
0 R 991874 5
0 W 992144 5
0 R 992642 5
0 R 993070 15
0 W 993255 11
0 R 993712 10
0 R 993972 11
1 R 994323 3
1 W 994691 7
0 W 995118 11
1 R 995249 5
1 W 995471 3
0 W 995665 9
1 R 996002 10
0 R 996372 9
1 W 996831 0
0 R 997242 13
1 W 997496 4
1 R 997601 7
0 R 997798 5
1 W 998154 2
0 R 998411 8
0 W 998734 2
0 R 999188 3
0 R 999426 10
0 R 999651 13
1 R 999897 10
0 R 1000225 12
1 R 1000483 10
1 W 1000911 11
1 W 1001411 11
1 W 1001538 5
0 R 1001671 12
1 W 1002003 13
0 R 1002386 8
0 W 1002744 13
1 W 1002865 3
0 R 1003174 13
1 R 1003286 6
0 R 1003776 0
0 W 1004205 4
1 W 1004528 1
1 W 1004800 8
1 W 1005251 4
1 W 1005700 2
0 R 1006065 14
0 W 1006512 3
0 R 1006906 8
1 W 1007281 4
1 R 1007555 14
0 R 1007758 6
0 R 1008132 4
1 R 1008408 6
1 W 1008822 10
0 W 1009085 2
0 R 1009519 10
1 W 1009783 10
1 W 1010127 6
0 R 1010258 13
0 R 1010746 10
0 R 1010931 13
0 W 1011407 5
1 W 1011566 2
1 R 1011776 14
0 W 1011904 15
1 R 1012390 5
0 R 1012823 13
1 W 1013147 4
1 W 1013436 10
0 R 1013757 13
1 W 1013860 11
1 W 1014334 8
0 R 1014571 3
0 R 1015065 0
1 R 1015420 4
1 R 1015851 6
0 R 1016103 14
0 R 1016562 8
1 W 1016739 13
0 W 1016941 0
0 R 1017381 14
1 R 1017559 7
0 R 1018054 10
1 R 1018474 12
0 R 1018630 5
1 W 1018738 14
0 R 1019117 4
0 R 1019408 8
1 W 1019670 0
1 R 1019876 0
1 W 1019983 11
0 R 1020118 14
1 W 1020482 12
0 R 1020976 7
1 W 1021258 4
0 R 1021612 8
0 R 1021892 10
0 R 1022391 4
0 W 1022524 2
0 R 1022685 2
1 W 1023118 11
1 W 1023618 4
0 R 1024080 10
0 R 1024338 13
1 W 1024816 7
0 R 1025113 8
1 R 1025303 14
0 R 1025410 2
0 W 1025640 14
0 W 1026082 4
0 R 1026508 9
0 W 1026871 3
0 W 1027244 7
1 R 1027514 1
1 W 1027977 9
1 W 1028153 7
0 R 1028651 10
0 R 1028813 3
0 R 1029247 0
1 W 1029356 7
0 R 1029515 8
1 W 1029975 3
0 R 1030475 6
0 W 1030902 1
0 W 1031245 4
0 R 1031574 6
1 W 1031785 10
1 W 1032228 8
1 W 1032405 1
1 W 1032645 11
0 W 1033117 9
0 R 1033589 8
0 W 1034003 7
1 R 1034410 5
1 W 1034806 12
0 R 1035258 2
0 R 1035365 8
1 W 1035669 9
0 W 1036022 0
1 W 1036245 15
0 W 1036528 1
0 R 1037025 10
0 R 1037186 5
0 R 1037415 9
0 R 1037870 8
0 R 1038085 7
0 R 1038282 12
1 R 1038401 14
0 R 1038505 4
1 W 1038666 7
0 R 1038888 9
1 W 1039211 14
1 W 1039354 1
1 W 1039829 1
0 R 1040022 13
0 R 1040446 4
1 W 1040784 2
1 W 1041187 0
1 W 1041447 11
0 W 1041944 12
1 W 1042406 12
0 R 1042707 9
1 W 1043139 3
0 R 1043313 12
0 W 1043712 4
1 W 1044197 13
0 W 1044612 15
0 R 1044876 3
0 R 1045321 2
1 R 1045610 11
0 W 1045884 11
1 W 1045993 13
1 W 1046303 7
0 R 1046728 14
0 R 1046986 12
0 W 1047297 12
1 W 1047453 7
0 W 1047583 11
1 W 1047808 12
0 W 1048062 0
0 R 1048523 6
0 W 1048859 6
0 W 1049170 3
1 W 1049360 12
1 W 1049774 1
0 R 1050104 14
1 W 1050400 15
1 W 1050521 6
0 R 1050893 1
0 R 1051143 0
1 W 1051547 11
0 R 1052011 2
0 R 1052278 15
1 R 1052490 13
1 W 1052861 4
0 R 1053050 15
0 W 1053267 1
0 R 1053754 6
0 R 1054230 5
1 W 1054722 9
0 W 1055048 14
0 R 1055434 7
0 W 1055597 2
0 R 1056022 6
0 R 1056464 13
1 W 1056816 14
0 R 1057168 2
0 W 1057646 15
0 R 1058110 6
0 R 1058323 14
1 R 1058445 13
1 W 1058935 12
1 W 1059140 2
1 W 1059394 3
0 R 1059805 4
0 R 1060167 3
1 W 1060566 3
1 R 1060698 13
1 W 1061167 1
1 W 1061568 0
1 R 1061963 6
1 W 1062109 2
0 R 1062518 8
0 R 1062677 7
0 R 1062991 15
1 W 1063491 10
0 R 1063785 3
1 W 1064101 12
0 R 1064237 15
0 R 1064547 8
1 W 1065019 2
1 R 1065158 13
0 W 1065597 8
1 W 1065760 3
1 R 1066115 1
0 R 1066497 11
1 R 1066989 3
1 W 1067418 12
1 W 1067814 5
0 R 1068140 5
0 R 1068603 10
0 R 1069046 15
1 W 1069515 3
0 R 1069971 5
0 R 1070406 5
1 W 1070889 12
0 R 1071077 7
0 R 1071552 10
1 W 1071849 12
0 R 1072100 3
0 W 1072571 10
1 W 1072773 15
0 R 1073171 12
1 W 1073407 1
0 W 1073703 5
1 R 1074046 12
1 R 1074490 10
1 W 1074720 2
1 R 1074959 15
0 W 1075078 9
1 R 1075456 0
1 W 1075927 15
0 W 1076303 13
0 R 1076420 10
0 W 1076709 9
0 R 1076882 4
0 R 1077091 4
0 R 1077297 9
1 R 1077398 12
1 W 1077857 6
1 W 1078227 14
0 R 1078603 3
0 R 1078757 0
1 W 1079122 3
0 R 1079392 6
1 W 1079739 7
1 W 1079951 8
0 W 1080246 15
1 W 1080428 2
0 R 1080705 15
0 R 1081200 5
0 W 1081330 6
1 R 1081475 4
1 R 1081674 10
0 W 1081871 4
0 R 1082241 8
1 W 1082374 9
1 W 1082591 6
1 W 1083078 15
1 W 1083392 14
1 W 1083586 4
1 W 1083977 7
1 W 1084219 0
1 W 1084649 13
1 W 1085084 1
0 W 1085493 2
0 R 1085806 12
1 W 1086148 13
1 W 1086421 5
1 R 1086912 14
0 R 1087125 2
1 W 1087526 10
0 W 1087898 9
1 W 1088217 5
0 R 1088483 13
0 R 1088873 1
1 W 1089128 15
1 W 1089346 14
0 R 1089796 5
0 R 1090196 10
0 R 1090534 15
1 W 1090845 9
1 W 1091046 7
1 W 1091493 12
0 R 1091946 0
1 R 1092081 0
0 W 1092333 3
1 W 1092751 9
1 W 1092881 3
1 W 1093260 3
0 R 1093532 13
0 R 1093846 8
1 W 1094098 0
0 R 1094570 8
0 W 1094999 6
1 W 1095218 14
0 R 1095379 7
1 W 1095679 0
1 W 1096085 3
1 R 1096378 0
1 W 1096495 10
0 R 1096955 3
0 R 1097145 9
1 W 1097401 11
1 W 1097744 15
1 W 1098218 5
1 W 1098626 13
1 W 1098984 12
1 W 1099272 14
1 W 1099571 15
0 W 1099860 0
1 W 1099985 7
0 R 1100102 13
0 R 1100553 0
1 W 1100665 5
0 R 1100991 12
1 W 1101119 6
0 R 1101539 14
1 W 1102021 7
0 R 1102376 9
0 R 1102738 6
1 W 1103054 11
0 R 1103273 5
1 W 1103490 13
1 R 1103631 1
1 W 1103888 5
1 W 1104348 7
1 W 1104807 12
1 W 1104973 12
0 R 1105214 2
1 W 1105564 9
1 W 1105740 15
0 R 1105861 15
1 R 1106078 6
0 W 1106370 3
0 R 1106796 12
0 W 1107153 13
1 W 1107550 15
1 W 1108012 3
1 W 1108240 3
1 W 1108654 14
1 W 1108907 13
0 W 1109262 10
0 R 1109369 9
1 R 1109748 14
1 W 1110020 3
0 R 1110144 2
1 W 1110607 12
0 R 1110776 11
1 W 1111000 4
0 R 1111131 10
0 R 1111262 1
1 W 1111554 4
1 W 1111800 1
1 W 1112222 4
0 W 1112621 3
0 R 1112885 9
1 W 1113192 8
0 R 1113575 15
1 W 1113711 0
0 R 1114093 1
1 W 1114253 6
0 W 1114688 11
0 R 1115026 2
1 W 1115302 4
1 W 1115516 1
0 W 1115715 5
0 R 1116192 2
0 R 1116347 15
1 W 1116728 8
0 W 1117104 7
0 W 1117372 9
0 R 1117567 7
1 W 1117768 9
1 W 1117946 11
0 R 1118288 11
0 W 1118452 1
1 R 1118782 14
1 W 1119161 7
1 W 1119303 0
0 R 1119716 9
1 R 1119925 14
0 R 1120408 11
0 R 1120842 5
1 W 1121086 7
0 R 1121327 7
1 W 1121589 14
1 R 1121996 8
1 R 1122273 12
0 R 1122714 3
0 R 1122986 1
0 R 1123101 15
1 W 1123493 10
1 W 1123694 12
1 W 1124021 14
0 R 1124152 10
1 W 1124489 8
0 R 1124793 13
0 R 1125143 3
1 W 1125282 8
1 W 1125580 14
1 W 1125982 7
1 W 1126263 6
0 R 1126700 7
1 R 1127118 3
0 R 1127609 13
1 W 1127768 5
1 W 1127919 0
0 R 1128044 3
1 R 1128243 1
0 R 1128634 15
0 R 1128910 7
0 R 1129386 7
0 R 1129634 3
0 R 1129883 11
0 R 1130300 4
1 W 1130758 9
1 W 1131072 13
0 W 1131342 11
0 W 1131518 2
0 R 1131914 14
1 W 1132285 12
0 R 1132783 9
0 R 1132902 12
1 W 1133066 7
0 R 1133352 3
0 W 1133466 15
0 R 1133811 10
0 R 1134127 4
0 R 1134605 3
1 W 1135025 3
1 R 1135439 8
0 R 1135682 3
0 R 1136149 3
1 W 1136271 5
0 R 1136560 0
0 R 1136744 0
0 W 1137018 7
1 W 1137412 11
0 R 1137737 10
1 R 1138153 11
0 R 1138404 2
0 R 1138829 15
1 W 1139090 1
1 W 1139310 13
1 W 1139540 3
1 R 1139882 10
0 R 1139991 14
1 W 1140404 0
0 R 1140544 10
1 W 1140867 4
1 W 1141330 1
1 W 1141551 2
1 R 1141788 11
1 W 1141920 3
1 R 1142382 9
1 W 1142820 3
1 R 1143022 5
1 W 1143277 5
0 R 1143525 2
0 R 1143848 8
1 R 1144229 12
1 W 1144666 5
0 R 1144892 14
0 R 1145371 4
1 W 1145640 4
0 R 1145784 4
1 W 1146245 13
1 R 1146571 3
0 W 1146874 2
1 R 1147275 4
0 R 1147405 14
0 R 1147626 14
1 W 1147798 4
0 R 1148084 13
1 W 1148390 15
1 W 1148796 12
0 R 1148941 3
0 W 1149262 14
0 R 1149478 14
0 R 1149947 12
0 W 1150253 12
1 W 1150532 2
1 R 1150827 7
0 R 1151277 8
1 W 1151674 10
1 R 1151956 11
1 R 1152085 14
0 R 1152544 14
1 W 1152737 1
1 W 1153070 13
0 R 1153366 2
0 W 1153710 5
1 W 1153971 11
1 W 1154167 3
1 W 1154309 12
0 R 1154580 6
0 R 1154856 0
1 R 1155326 11
0 W 1155737 3
0 W 1156056 15
1 W 1156170 1
0 R 1156449 15
1 W 1156619 14
0 W 1156798 11
0 R 1157133 14
1 W 1157509 14
1 W 1157956 14
0 R 1158309 12
0 R 1158753 10
1 W 1159035 0
0 R 1159228 14
1 W 1159348 13
1 W 1159564 2
1 W 1159668 13
0 R 1160005 11
0 W 1160299 12
0 R 1160671 0
1 W 1161072 15
0 R 1161324 9
1 W 1161590 9
0 R 1161817 0
0 R 1162080 2
1 W 1162466 11
0 W 1162769 6
1 W 1163023 13
0 R 1163420 12
0 W 1163600 7
0 R 1163962 8
0 R 1164298 1
0 R 1164477 3
1 R 1164720 8
0 R 1164946 3
0 W 1165183 14
0 R 1165399 13
1 W 1165585 12
0 R 1165773 0
1 W 1166249 0
0 W 1166679 2
1 W 1167017 0
1 R 1167452 4
1 W 1167848 11
1 R 1168072 1
0 R 1168298 3
1 W 1168702 7
1 R 1168975 7
1 W 1169384 2
1 W 1169753 8
0 R 1169986 1
0 R 1170436 14
1 W 1170895 15
1 W 1171250 8
0 W 1171536 3
1 R 1171720 11
0 R 1171985 9
0 W 1172389 4
0 R 1172818 15
0 R 1173048 11
0 R 1173374 3
0 R 1173530 6
0 R 1173962 4
1 W 1174289 7
1 W 1174607 13
1 W 1174993 7
1 W 1175227 12
1 W 1175610 7
0 R 1175793 9
0 W 1175893 4
1 R 1176382 11
1 R 1176742 11
1 W 1177093 11
0 W 1177490 9
0 R 1177928 6
0 R 1178296 5
0 W 1178728 4
1 W 1178854 2
0 W 1179044 4
0 W 1179210 10
0 R 1179423 7
1 W 1179542 3
0 R 1179967 6
0 W 1180164 8
0 R 1180375 12
1 W 1180544 5
1 R 1180796 2
1 W 1180902 6
0 R 1181279 5
0 R 1181655 12
0 R 1181822 2
0 R 1182322 9
0 R 1182733 12
1 W 1182907 10
0 R 1183281 11
1 W 1183711 15
0 R 1184085 6
1 W 1184418 1
0 W 1184797 8
1 W 1185164 12
1 W 1185388 3
0 R 1185879 15
0 R 1186194 10
0 W 1186647 7
0 R 1186897 9
0 W 1187306 6
0 R 1187443 3
0 R 1187625 7
0 R 1187870 3
0 W 1188016 8
1 W 1188323 7
0 R 1188670 13
0 R 1188919 6
1 W 1189161 0
0 W 1189649 11
1 W 1190044 5
0 R 1190339 7
0 W 1190744 12
0 R 1190846 2
0 R 1190958 11
0 R 1191265 7
0 W 1191590 14
1 W 1192044 14
1 R 1192213 3
0 R 1192663 15
0 R 1192764 3
1 W 1193132 3
1 R 1193560 14
1 W 1194015 2
1 W 1194181 0
1 W 1194297 3
0 R 1194742 15
0 R 1194846 2
1 W 1194968 9
0 R 1195378 13
0 W 1195805 6
1 W 1195968 2
0 R 1196384 10
1 W 1196644 1
0 R 1197038 2
1 W 1197369 7
1 W 1197604 2
1 W 1197811 6
0 R 1197923 0
1 W 1198250 11
0 R 1198451 3
0 R 1198655 4
0 R 1198977 1
0 W 1199105 5
0 R 1199501 7
1 W 1199951 13
0 R 1200105 5
1 R 1200486 8
1 W 1200865 5
1 W 1201147 3
0 R 1201343 7
1 W 1201574 11
1 W 1201991 11
0 R 1202237 13
0 R 1202471 11
0 W 1202792 6
1 R 1203260 10
1 W 1203603 6
0 R 1203939 3
1 R 1204160 2
1 W 1204608 5
0 R 1204758 2
1 W 1205251 7
0 R 1205615 12
1 R 1205983 4
1 R 1206172 5
1 W 1206446 9
1 R 1206836 6
1 W 1206990 9
1 R 1207467 9
1 W 1207603 5
1 R 1207821 14
1 R 1208260 1
1 R 1208602 5
1 R 1208886 5
0 R 1209340 15
1 W 1209468 0
1 W 1209843 15
0 W 1210135 9
1 R 1210462 12
1 W 1210855 1
1 W 1210988 1
0 R 1211353 1
0 R 1211552 11
1 W 1211861 6
1 W 1212204 6
0 R 1212624 10
0 R 1213124 14
1 R 1213282 10
1 W 1213694 2
1 W 1213920 11
1 W 1214418 0
0 R 1214597 0
0 R 1214760 2
0 R 1215091 4
0 W 1215486 5
1 W 1215857 6
0 R 1216183 1
0 R 1216405 10
0 R 1216656 5
0 W 1217076 15
1 W 1217470 1
0 R 1217930 8
1 R 1218310 15
1 R 1218609 14
1 W 1218880 14
1 W 1219219 12
1 W 1219382 2
0 R 1219507 3
0 W 1219969 1
0 R 1220107 15
1 W 1220496 6
0 R 1220827 1
0 R 1221057 10
0 R 1221212 0
0 R 1221372 9
1 R 1221530 0
0 W 1221650 3
0 R 1221799 1
0 R 1221919 2
1 R 1222366 15
0 R 1222534 5
1 W 1222790 1
1 R 1223115 8
1 W 1223479 2
0 W 1223946 10
0 W 1224272 8
0 R 1224458 7
1 R 1224668 8
0 R 1225039 9
1 W 1225417 12
1 W 1225635 12
0 W 1225915 5
1 W 1226235 4
1 W 1226444 1
0 W 1226623 5
1 R 1226930 10
1 W 1227402 8
1 R 1227726 14
1 W 1228149 12
1 W 1228514 12
0 R 1228685 12
1 W 1229124 5
1 R 1229426 1
1 R 1229906 2
1 W 1230174 10
0 R 1230442 6
0 R 1230706 12
0 R 1231009 8
1 W 1231148 4
0 R 1231499 3
0 R 1231978 0
1 R 1232257 3
1 R 1232359 1
0 W 1232817 14
1 W 1233285 12
0 W 1233571 2
1 W 1233778 11
0 R 1234014 3
1 W 1234307 11
0 R 1234748 2
1 W 1234905 9
1 R 1235306 9
0 W 1235666 3
0 R 1236154 6
1 W 1236433 4
0 R 1236687 5
0 R 1237143 0
1 R 1237609 7
0 R 1237870 2
1 W 1237992 6
1 R 1238207 13
0 R 1238588 14
0 R 1238897 14
1 W 1239376 4
0 R 1239755 10
1 R 1239939 15
0 R 1240247 9
1 W 1240705 15
1 W 1241065 2
1 R 1241529 4
0 W 1242025 2
1 W 1242285 14
0 R 1242633 7
0 R 1242868 8
0 R 1243353 1
1 R 1243475 2
0 R 1243578 9
1 W 1243811 3
0 R 1243978 11
1 R 1244212 10
1 W 1244379 5
1 W 1244651 6
0 R 1245135 14
0 R 1245478 9
1 W 1245649 13
1 R 1246141 3
1 R 1246527 6
1 W 1246700 5
0 R 1246924 4
0 R 1247271 2
1 W 1247665 13
1 W 1247944 5
1 W 1248312 7
0 R 1248775 14
0 R 1249171 1
0 W 1249469 2
0 R 1249887 2
0 R 1250155 7
1 W 1250522 12
0 R 1250968 13
0 R 1251092 1
0 W 1251505 8
1 W 1251779 2
1 R 1252249 12
0 R 1252687 12
1 W 1252859 8
0 R 1253118 5
0 R 1253334 5
0 R 1253643 7
0 W 1254113 13
0 R 1254487 2
1 W 1254613 5
1 R 1255039 3
0 R 1255486 12
0 R 1255843 9
0 R 1256025 12
1 W 1256449 2
0 R 1256771 5
1 R 1256980 5
1 R 1257094 3
1 R 1257295 15
1 W 1257591 14
0 W 1257734 15
0 R 1258128 3
0 R 1258262 0
0 W 1258395 7
0 W 1258853 9
0 W 1259252 3
1 W 1259487 7
1 R 1259983 6
0 W 1260277 13
0 R 1260745 11
0 R 1260994 13
1 R 1261277 11
1 R 1261570 1
0 R 1261948 7
1 W 1262053 7
0 W 1262211 5
0 R 1262383 4
1 R 1262874 7
0 W 1263083 9
1 W 1263524 7
0 R 1263790 13
1 W 1263952 0
1 W 1264403 14
1 R 1264642 2
0 R 1264849 1
1 W 1265295 14
0 R 1265577 12
1 R 1265782 9
1 R 1266201 13
0 R 1266430 3
1 W 1266873 4
0 R 1267262 11
0 R 1267444 11
1 W 1267842 6
0 R 1268335 10
0 R 1268522 5
0 R 1268943 9
0 R 1269168 7
0 R 1269485 5
1 W 1269811 6
0 R 1270289 0
0 W 1270675 6
0 R 1270804 0
1 R 1271268 12
0 R 1271752 15
0 W 1271958 4
0 R 1272126 11
1 W 1272350 13
1 W 1272746 5
0 W 1273022 10
0 R 1273203 1
0 W 1273347 6
0 R 1273833 12
1 W 1273974 1
1 R 1274152 11
1 W 1274396 3
0 W 1274496 3
0 R 1274784 6
0 R 1274975 8
1 R 1275366 7
1 R 1275845 2
1 W 1275979 1
0 W 1276349 15
1 W 1276576 2
0 R 1276741 15
1 W 1277117 0
0 W 1277382 8
1 W 1277851 15
1 W 1278313 8
1 W 1278551 0
0 W 1278843 5
1 R 1279124 15
1 W 1279413 2
1 W 1279764 12
0 W 1280015 12
1 W 1280150 12
1 W 1280407 8
1 W 1280682 12
1 W 1281179 4
1 R 1281508 13
0 R 1281725 7
1 W 1281827 8
0 R 1282166 4
1 W 1282598 1
1 W 1282794 13
1 W 1283255 14
1 R 1283654 3
0 R 1284108 4
1 W 1284585 3
0 W 1284857 6
1 R 1284996 6
0 W 1285339 1
0 R 1285490 11
0 R 1285796 15
0 W 1285974 4
1 W 1286228 13
1 W 1286398 2
0 R 1286625 7
1 W 1286866 12
0 R 1287110 9
0 R 1287295 12
1 W 1287641 1
1 W 1288088 15
1 W 1288431 1
1 W 1288592 8
1 R 1288773 7
1 R 1288960 0
0 R 1289431 12
0 R 1289841 2
0 R 1290150 6
1 W 1290399 5
0 R 1290623 0
0 R 1290903 4
0 R 1291365 14
1 W 1291504 10
0 R 1291744 9
0 R 1291950 8
0 R 1292294 3
1 W 1292439 10
0 R 1292592 15
0 R 1292879 9
0 R 1293048 8
0 W 1293409 7
1 R 1293683 12
0 R 1293985 3
1 W 1294232 4
0 R 1294338 3
0 R 1294505 10
0 R 1294749 0
0 R 1295197 14
0 R 1295494 3
1 R 1295660 9
1 W 1296111 7
0 R 1296289 13
0 R 1296474 14
1 W 1296735 8
0 R 1296987 3
1 W 1297109 5
0 W 1297576 1
1 W 1297845 9
0 W 1298335 3
1 W 1298703 11
0 W 1298928 10
0 W 1299162 11
0 R 1299544 8
0 R 1299903 14
1 W 1300353 15
1 W 1300628 6
1 W 1300745 11
1 R 1300866 9
1 R 1301158 14
0 R 1301546 7
0 R 1302032 4
0 R 1302274 4
1 W 1302758 8
1 R 1303145 2
0 R 1303487 6
1 R 1303952 9
1 R 1304295 3
0 R 1304543 4
0 R 1304880 14
1 W 1305349 11
0 R 1305755 6
0 R 1306014 14
0 R 1306389 13
0 R 1306626 1
1 W 1306996 10
1 W 1307211 11
1 R 1307615 11
1 W 1307963 6
1 W 1308138 10
1 R 1308469 5
1 W 1308799 3
0 R 1309120 12
0 R 1309271 6
0 R 1309726 1
0 R 1309925 12
1 R 1310221 12
1 W 1310380 9
1 W 1310761 2
1 W 1310912 9
0 R 1311090 3
0 R 1311451 4
1 W 1311746 12
1 W 1312193 0
0 R 1312649 8
1 W 1312988 6
1 W 1313266 3
1 W 1313403 12
0 R 1313699 9
1 W 1313984 14
0 R 1314111 4
0 R 1314313 12
0 R 1314440 10
0 R 1314812 13
0 W 1315268 13
0 R 1315473 7
0 W 1315892 7
1 R 1315992 12
1 R 1316361 1
1 W 1316669 2
0 R 1317075 12
0 W 1317496 3
0 R 1317703 0
1 W 1317970 3
0 R 1318084 8
1 W 1318270 1
0 R 1318757 0
0 R 1319055 6
1 W 1319506 4
1 W 1319828 8
1 R 1320108 1
0 W 1320209 8
1 W 1320573 3
1 R 1320966 10
0 R 1321384 9
0 R 1321846 3
1 R 1321986 11
1 W 1322291 15
0 R 1322547 12
0 R 1323046 5
1 R 1323443 11
1 W 1323937 12
1 R 1324389 8
0 R 1324844 6
0 R 1325002 0
0 R 1325478 11
0 R 1325632 5
1 W 1325824 0
0 R 1326023 2
0 R 1326164 13
1 R 1326647 14
1 R 1326841 15
1 R 1327050 12
1 R 1327253 15
1 W 1327466 7
1 R 1327708 15
1 W 1328050 0
0 R 1328285 10
0 R 1328724 7
1 W 1329204 9
1 W 1329663 0
1 W 1329973 9
1 W 1330154 3
0 R 1330427 12
1 W 1330530 8
1 R 1330932 9
1 W 1331162 12
0 R 1331366 11
0 R 1331538 13
0 W 1331654 12
1 W 1331977 3
1 W 1332143 9
0 W 1332352 11
0 W 1332548 1
0 R 1332740 9
1 R 1332971 2
0 R 1333234 11
1 W 1333502 4
1 R 1333708 3
0 R 1334102 0
1 W 1334295 15
0 R 1334538 12
0 R 1334677 0
0 R 1334783 1
0 R 1335218 1
0 R 1335595 7
0 R 1335806 9
0 W 1336057 5
1 R 1336251 5
1 W 1336509 4
0 W 1336681 8
0 R 1337159 7
0 R 1337294 11
1 W 1337560 14
0 R 1337800 6
1 W 1338291 7
0 R 1338717 3
0 R 1339043 2
1 W 1339478 1
1 W 1339824 10
1 W 1339961 5
0 R 1340152 2
1 W 1340308 4
1 W 1340641 9
1 W 1341114 4
1 W 1341580 14
1 W 1341809 6
1 R 1342304 3
1 W 1342577 15
0 R 1342893 14
0 W 1343254 4
0 R 1343428 13
1 R 1343821 0
1 R 1344097 2
0 R 1344503 0
0 R 1344836 2
1 W 1345107 15
0 R 1345243 6
0 W 1345620 7
0 W 1345838 5
0 W 1346034 1
0 R 1346266 3
0 R 1346739 1
0 R 1347203 4
0 W 1347304 5
0 R 1347581 6
0 R 1347964 5
0 R 1348099 5
1 R 1348320 8
0 R 1348638 15
1 W 1348993 13
0 R 1349375 7
1 W 1349504 8
1 W 1349926 11
0 R 1350035 7
0 R 1350149 10
0 R 1350379 5
1 W 1350864 4
0 R 1351176 6
1 R 1351558 13
0 W 1351923 8
0 R 1352313 9
0 R 1352555 11
1 R 1353025 9
0 W 1353418 3
1 R 1353911 3
1 W 1354140 13
1 W 1354486 13
0 R 1354758 0
0 W 1355181 0
1 W 1355346 0
0 R 1355738 11
0 R 1355948 7
1 W 1356232 5
1 W 1356584 3
1 W 1356821 14
0 R 1357141 10
0 R 1357251 6
1 W 1357599 6
1 W 1357775 5
1 W 1357906 10
1 R 1358232 7
0 R 1358416 4
1 W 1358776 12
1 W 1358904 9
0 R 1359138 11
0 R 1359249 4
0 R 1359477 4
1 W 1359791 5
1 W 1360059 2
0 R 1360177 13
1 W 1360478 15
1 W 1360821 15
0 R 1361007 10
0 R 1361263 7
1 W 1361458 12
1 W 1361912 13
1 R 1362338 2
0 W 1362509 4
1 W 1362940 8
1 R 1363110 13
0 W 1363479 3
0 W 1363729 9
1 W 1363832 13
0 R 1364276 7
0 R 1364636 5
0 R 1364836 14
0 R 1365042 3
0 R 1365399 15
1 W 1365881 9
1 W 1366078 14
0 R 1366530 8
1 W 1366843 7
0 R 1367259 6
1 W 1367666 2
0 R 1367859 11
1 W 1368310 10
0 W 1368442 1
0 R 1368580 10
0 R 1368839 14
1 R 1369054 6
1 W 1369209 7
0 R 1369707 10
1 R 1369875 8
1 W 1370218 13
0 R 1370322 10
1 R 1370511 8
0 R 1370861 6
0 R 1371283 11
0 R 1371404 12
0 R 1371883 11
0 W 1372141 12
1 R 1372249 7
1 W 1372548 6
0 W 1372654 5
1 W 1372817 5
1 W 1372979 4
0 R 1373372 12
0 R 1373616 9
0 R 1373913 12
0 R 1374310 6
1 W 1374543 11
1 W 1374869 4
0 W 1375059 11
1 W 1375235 15
0 R 1375391 0
0 R 1375887 10
1 R 1376085 14
0 W 1376574 10
0 R 1376897 10
0 R 1377284 13
0 R 1377665 0
0 R 1378021 7
1 W 1378335 3
0 R 1378793 7
0 R 1379116 2
1 R 1379374 11
0 R 1379661 13
0 R 1379900 5
1 W 1380326 12
0 R 1380820 5
1 W 1381213 8
0 R 1381466 7
1 W 1381788 8
0 R 1382103 0
1 R 1382280 0
1 W 1382474 11
0 R 1382806 6
1 W 1383121 14
1 W 1383305 10
0 W 1383411 14
1 W 1383818 3
1 R 1384032 1
1 R 1384239 14
1 W 1384543 8
1 W 1384677 12
1 W 1384927 10
1 W 1385282 11
0 R 1385433 6
1 W 1385581 8
0 W 1385719 15
1 W 1385929 10
0 R 1386268 2
0 R 1386471 14
0 R 1386659 3
1 R 1386967 11
1 W 1387115 13
1 W 1387288 0
1 W 1387536 8
0 R 1387862 3
0 W 1388003 12
0 R 1388174 7
1 W 1388636 13
0 R 1389071 15
0 R 1389304 5
1 W 1389793 3
1 W 1390149 14
1 W 1390506 1
0 W 1390645 6
0 W 1390838 2
1 W 1391146 14
1 R 1391397 0
0 W 1391636 15
1 W 1391921 11
1 R 1392202 9
1 W 1392632 12
0 R 1392838 5
1 R 1393151 2
1 W 1393565 15
0 R 1393713 3
0 R 1393964 8
1 R 1394206 0
0 W 1394631 4
1 R 1394797 11
0 R 1394912 11
1 R 1395321 2
0 R 1395749 10
0 R 1395944 11
0 W 1396333 11
0 R 1396647 8
0 W 1396793 7
1 W 1397202 5
0 W 1397399 13
0 R 1397849 6
1 W 1398249 0
0 R 1398395 14
1 R 1398744 7
1 W 1398967 15
1 W 1399291 2
0 W 1399482 3
0 R 1399879 10
0 R 1400371 7
1 W 1400720 12
1 R 1400856 1
1 W 1401266 2
1 W 1401675 5
1 W 1401842 1
0 R 1402154 15
1 W 1402604 0
0 R 1403048 8
0 R 1403292 9
0 R 1403539 13
0 R 1403909 4
1 W 1404283 11
0 R 1404511 11
1 W 1404615 14
1 R 1405083 9
1 W 1405278 8
0 R 1405619 8
1 W 1405858 12
0 R 1406251 11
1 W 1406492 7
0 R 1406928 2
1 W 1407296 8
1 R 1407720 12
1 R 1407866 15
0 R 1408069 11
0 R 1408526 7
1 W 1408986 10
1 R 1409183 6
0 R 1409404 3
1 W 1409595 6
1 R 1409771 6
1 W 1410135 6
0 R 1410432 8
0 W 1410877 6
1 W 1411287 12
1 R 1411475 12
0 R 1411775 8
1 W 1411990 6
1 W 1412374 1
0 R 1412719 0
0 W 1412942 6
0 R 1413149 1
0 R 1413323 13
0 W 1413542 15
1 R 1413837 14
0 R 1414272 7
0 R 1414379 12
0 R 1414851 11
0 R 1415333 7
1 W 1415661 4
1 W 1415837 2
0 R 1416297 12
1 W 1416753 3
0 W 1417024 12
0 R 1417269 5
1 R 1417713 3
0 R 1418206 6
0 R 1418588 15
1 R 1418985 14
0 R 1419194 0
1 W 1419451 8
0 R 1419789 11
1 R 1420197 5
1 W 1420680 3
1 W 1420891 10
0 R 1421380 6
1 W 1421709 12
1 W 1421946 12
0 R 1422075 9
0 R 1422461 3
0 R 1422564 8
0 R 1422756 13
0 W 1423007 15
1 W 1423219 1
0 R 1423330 7
1 W 1423508 6
1 R 1423752 3
1 W 1424102 3
1 R 1424386 9
0 W 1424840 6
0 R 1425017 6
0 W 1425488 0
0 R 1425833 12
1 W 1426220 11
0 R 1426553 3
1 W 1426845 12
1 R 1427100 13
0 R 1427246 11
0 R 1427444 10
1 R 1427793 8
0 R 1428222 2
0 R 1428370 15
1 W 1428778 9
0 R 1429100 10
0 W 1429506 6
0 W 1429850 4
1 W 1430260 15
0 R 1430367 11
0 R 1430628 14
0 W 1430899 13
1 R 1431303 0
1 W 1431749 14
0 W 1432008 5
1 W 1432209 5
1 W 1432333 9
1 W 1432532 6
1 W 1433029 5
0 R 1433466 15
0 R 1433792 15
0 W 1433951 11
1 W 1434447 7
1 W 1434778 1
0 R 1435002 4
0 R 1435302 14
1 R 1435801 8
1 W 1436056 0
0 R 1436313 11
1 W 1436562 2
0 R 1436712 12
0 R 1437070 7
0 R 1437244 5
0 R 1437347 11
1 W 1437583 2
0 R 1437799 13
0 R 1438073 5
0 R 1438188 4
1 W 1438302 12
0 R 1438431 5
1 W 1438778 15
1 W 1439052 6
0 R 1439189 1
1 R 1439477 14
0 W 1439637 12
1 W 1440095 9
1 W 1440325 3
1 W 1440818 8
0 R 1441301 13
0 R 1441639 6
1 W 1441793 10
1 W 1442143 13
0 R 1442262 12
1 W 1442638 9
1 W 1443124 9
0 R 1443373 1
0 R 1443607 4
1 W 1443797 1
1 W 1444125 12
1 W 1444554 2
0 R 1444679 10
1 W 1445160 10
0 W 1445583 10
0 W 1445829 8
1 R 1446197 7
1 R 1446506 3
0 R 1446629 6
0 R 1446916 3
1 W 1447225 14
1 W 1447397 7
0 R 1447625 10
0 R 1448116 5
0 R 1448532 14
1 R 1448800 4
1 W 1449008 12
1 W 1449369 7
1 W 1449784 15
1 R 1449912 8
0 W 1450051 3
1 W 1450380 0
1 W 1450689 3
1 W 1451149 13
1 W 1451442 9
0 R 1451834 12
1 R 1452113 1
0 W 1452502 12
1 R 1452710 0
0 R 1452974 5
1 R 1453337 1
0 R 1453458 2
0 R 1453750 9
0 R 1454183 5
0 W 1454328 0
0 R 1454722 13
0 R 1454986 1
0 R 1455281 0
0 R 1455420 3
0 R 1455778 2
1 W 1456045 12
1 R 1456323 15
1 W 1456561 14
1 W 1456788 8
1 R 1457265 7
1 R 1457691 15
0 R 1457999 7
0 R 1458172 7
1 W 1458651 5
0 W 1458754 9
0 R 1459012 7
1 R 1459231 5
1 W 1459673 4
0 R 1459901 15
1 W 1460174 5
1 W 1460506 0
0 R 1460902 15
0 R 1461373 13
1 W 1461829 11
0 W 1461936 5
1 R 1462082 9
0 R 1462486 9
1 W 1462602 3
1 W 1462758 3
1 W 1462936 3
0 R 1463225 5
0 R 1463371 14
1 W 1463788 14
0 R 1463930 3
1 W 1464217 7
0 R 1464607 15
1 W 1464874 15
0 W 1465237 8
1 R 1465602 5
0 W 1465852 3
1 R 1466039 4
1 W 1466373 9
0 W 1466706 1
1 W 1467117 12
1 W 1467403 0
0 W 1467596 15
1 W 1468031 8
0 R 1468443 4
0 W 1468823 12
0 R 1469076 7
1 W 1469221 9
1 W 1469501 11
0 R 1469828 7
1 R 1470069 9
0 R 1470294 10
0 R 1470510 12
1 W 1470945 3
0 R 1471077 4
1 W 1471445 8
1 W 1471772 8
0 R 1472265 6
0 W 1472498 10
1 W 1472852 3
0 R 1473315 10
0 R 1473777 2
1 R 1473925 2
0 W 1474130 3
1 W 1474314 6
1 R 1474514 7
1 W 1474707 8
0 W 1475099 12
1 W 1475202 15
1 R 1475389 4
0 R 1475770 8
0 R 1476193 5
0 R 1476293 4
0 R 1476621 5
1 W 1476812 5
0 W 1477220 2
1 R 1477408 2
0 R 1477707 7
0 W 1478119 0
1 W 1478454 11
1 W 1478606 14
0 R 1478733 0
0 W 1479211 3
0 R 1479556 3
1 R 1479958 12
1 W 1480107 8
0 R 1480301 14
0 W 1480634 14
0 R 1480961 4
1 W 1481149 10
1 W 1481294 4
0 R 1481443 13
1 W 1481927 11
0 R 1482031 7
0 W 1482422 5
1 W 1482787 14
0 R 1482891 15
1 W 1483099 10
1 W 1483230 11
1 W 1483692 3
1 W 1483948 4
0 W 1484338 5
1 W 1484523 1
1 W 1484950 8
0 R 1485307 1
0 R 1485527 15
0 R 1485908 1
1 W 1486287 14
1 W 1486725 7
0 R 1487201 13
0 W 1487365 4
0 R 1487668 11
0 W 1488160 14
0 R 1488479 0
0 R 1488871 4
0 R 1489002 6
0 W 1489417 6
0 R 1489911 12
0 R 1490360 1
1 W 1490593 8
1 R 1490715 7
1 R 1491056 6
0 R 1491510 1
1 W 1491965 2
0 W 1492139 12
1 W 1492355 3
1 W 1492733 7
1 R 1493143 12
0 R 1493628 0
1 W 1493929 2
1 W 1494321 9
0 W 1494577 5
1 R 1494933 3
1 R 1495281 2
0 R 1495540 5
0 R 1495707 11
1 W 1495966 5
0 R 1496113 12
0 R 1496280 11
0 R 1496523 14
1 W 1496911 13
0 R 1497216 4
1 W 1497434 1
1 W 1497686 14
1 W 1497986 2
1 W 1498463 2
1 R 1498811 6
1 W 1499174 1
0 R 1499328 10
0 W 1499599 10
1 W 1499970 6
